Dynamical matrix file
                                                                           
  1    1  3  6.1240000  0.0000000  0.0000000  0.0000000  0.0000000  0.0000000
           1  'Al  '    24592.588541212976     
    1    1      0.0000000000      0.0000000000      0.0000000000

     Dynamical  Matrix in cartesian axes

     q = (    0.500000000  -0.583333333   0.250000000 ) 

    1    1
  0.08029117  0.00000000   -0.07315864  0.00000000   -0.01982893  0.00000000
 -0.07315864  0.00000000    0.07942375  0.00000000    0.00236659  0.00000000
 -0.01982893  0.00000000    0.00236659  0.00000000    0.07746917  0.00000000

     Dynamical  Matrix in cartesian axes

     q = (    0.583333333  -0.500000000   0.250000000 ) 

    1    1
  0.07942375  0.00000000   -0.07315864  0.00000000   -0.00236659  0.00000000
 -0.07315864  0.00000000    0.08029117  0.00000000    0.01982893  0.00000000
 -0.00236659  0.00000000    0.01982893  0.00000000    0.07746917  0.00000000

     Dynamical  Matrix in cartesian axes

     q = (   -0.500000000   0.583333333   0.250000000 ) 

    1    1
  0.08029117  0.00000000   -0.07315864  0.00000000    0.01982893  0.00000000
 -0.07315864  0.00000000    0.07942375  0.00000000   -0.00236659  0.00000000
  0.01982893  0.00000000   -0.00236659  0.00000000    0.07746917  0.00000000

     Dynamical  Matrix in cartesian axes

     q = (   -0.583333333   0.500000000   0.250000000 ) 

    1    1
  0.07942375  0.00000000   -0.07315864  0.00000000    0.00236659  0.00000000
 -0.07315864  0.00000000    0.08029117  0.00000000   -0.01982893  0.00000000
  0.00236659  0.00000000   -0.01982893  0.00000000    0.07746917  0.00000000

     Dynamical  Matrix in cartesian axes

     q = (   -0.250000000  -0.500000000  -0.583333333 ) 

    1    1
  0.07746917  0.00000000   -0.01982893  0.00000000   -0.00236659  0.00000000
 -0.01982893  0.00000000    0.08029117  0.00000000    0.07315864  0.00000000
 -0.00236659  0.00000000    0.07315864  0.00000000    0.07942375  0.00000000

     Dynamical  Matrix in cartesian axes

     q = (   -0.250000000  -0.583333333  -0.500000000 ) 

    1    1
  0.07746917  0.00000000   -0.00236659  0.00000000   -0.01982893  0.00000000
 -0.00236659  0.00000000    0.07942375  0.00000000    0.07315864  0.00000000
 -0.01982893  0.00000000    0.07315864  0.00000000    0.08029117  0.00000000

     Dynamical  Matrix in cartesian axes

     q = (    0.500000000   0.250000000  -0.583333333 ) 

    1    1
  0.08029117  0.00000000   -0.01982893  0.00000000   -0.07315864  0.00000000
 -0.01982893  0.00000000    0.07746917  0.00000000    0.00236659  0.00000000
 -0.07315864  0.00000000    0.00236659  0.00000000    0.07942375  0.00000000

     Dynamical  Matrix in cartesian axes

     q = (    0.583333333   0.250000000  -0.500000000 ) 

    1    1
  0.07942375  0.00000000   -0.00236659  0.00000000   -0.07315864  0.00000000
 -0.00236659  0.00000000    0.07746917  0.00000000    0.01982893  0.00000000
 -0.07315864  0.00000000    0.01982893  0.00000000    0.08029117  0.00000000

     Dynamical  Matrix in cartesian axes

     q = (    0.583333333  -0.250000000   0.500000000 ) 

    1    1
  0.07942375  0.00000000    0.00236659  0.00000000    0.07315864  0.00000000
  0.00236659  0.00000000    0.07746917  0.00000000    0.01982893  0.00000000
  0.07315864  0.00000000    0.01982893  0.00000000    0.08029117  0.00000000

     Dynamical  Matrix in cartesian axes

     q = (   -0.500000000   0.250000000  -0.583333333 ) 

    1    1
  0.08029117  0.00000000    0.01982893  0.00000000    0.07315864  0.00000000
  0.01982893  0.00000000    0.07746917  0.00000000    0.00236659  0.00000000
  0.07315864  0.00000000    0.00236659  0.00000000    0.07942375  0.00000000

     Dynamical  Matrix in cartesian axes

     q = (    0.250000000  -0.500000000   0.583333333 ) 

    1    1
  0.07746917  0.00000000    0.01982893  0.00000000   -0.00236659  0.00000000
  0.01982893  0.00000000    0.08029117  0.00000000   -0.07315864  0.00000000
 -0.00236659  0.00000000   -0.07315864  0.00000000    0.07942375  0.00000000

     Dynamical  Matrix in cartesian axes

     q = (    0.500000000   0.583333333   0.250000000 ) 

    1    1
  0.08029117  0.00000000    0.07315864  0.00000000   -0.01982893  0.00000000
  0.07315864  0.00000000    0.07942375  0.00000000   -0.00236659  0.00000000
 -0.01982893  0.00000000   -0.00236659  0.00000000    0.07746917  0.00000000

     Dynamical  Matrix in cartesian axes

     q = (   -0.250000000   0.500000000   0.583333333 ) 

    1    1
  0.07746917  0.00000000    0.01982893  0.00000000    0.00236659  0.00000000
  0.01982893  0.00000000    0.08029117  0.00000000    0.07315864  0.00000000
  0.00236659  0.00000000    0.07315864  0.00000000    0.07942375  0.00000000

     Dynamical  Matrix in cartesian axes

     q = (   -0.500000000  -0.583333333  -0.250000000 ) 

    1    1
  0.08029117  0.00000000    0.07315864  0.00000000   -0.01982893  0.00000000
  0.07315864  0.00000000    0.07942375  0.00000000   -0.00236659  0.00000000
 -0.01982893  0.00000000   -0.00236659  0.00000000    0.07746917  0.00000000

     Dynamical  Matrix in cartesian axes

     q = (    0.500000000  -0.250000000   0.583333333 ) 

    1    1
  0.08029117  0.00000000    0.01982893  0.00000000    0.07315864  0.00000000
  0.01982893  0.00000000    0.07746917  0.00000000    0.00236659  0.00000000
  0.07315864  0.00000000    0.00236659  0.00000000    0.07942375  0.00000000

     Dynamical  Matrix in cartesian axes

     q = (    0.583333333   0.500000000  -0.250000000 ) 

    1    1
  0.07942375  0.00000000    0.07315864  0.00000000    0.00236659  0.00000000
  0.07315864  0.00000000    0.08029117  0.00000000    0.01982893  0.00000000
  0.00236659  0.00000000    0.01982893  0.00000000    0.07746917  0.00000000

     Dynamical  Matrix in cartesian axes

     q = (   -0.583333333  -0.500000000  -0.250000000 ) 

    1    1
  0.07942375  0.00000000    0.07315864  0.00000000   -0.00236659  0.00000000
  0.07315864  0.00000000    0.08029117  0.00000000   -0.01982893  0.00000000
 -0.00236659  0.00000000   -0.01982893  0.00000000    0.07746917  0.00000000

     Dynamical  Matrix in cartesian axes

     q = (    0.583333333   0.500000000   0.250000000 ) 

    1    1
  0.07942375  0.00000000    0.07315864  0.00000000   -0.00236659  0.00000000
  0.07315864  0.00000000    0.08029117  0.00000000   -0.01982893  0.00000000
 -0.00236659  0.00000000   -0.01982893  0.00000000    0.07746917  0.00000000

     Dynamical  Matrix in cartesian axes

     q = (   -0.250000000   0.583333333   0.500000000 ) 

    1    1
  0.07746917  0.00000000    0.00236659  0.00000000    0.01982893  0.00000000
  0.00236659  0.00000000    0.07942375  0.00000000    0.07315864  0.00000000
  0.01982893  0.00000000    0.07315864  0.00000000    0.08029117  0.00000000

     Dynamical  Matrix in cartesian axes

     q = (    0.250000000   0.583333333  -0.500000000 ) 

    1    1
  0.07746917  0.00000000   -0.00236659  0.00000000    0.01982893  0.00000000
 -0.00236659  0.00000000    0.07942375  0.00000000   -0.07315864  0.00000000
  0.01982893  0.00000000   -0.07315864  0.00000000    0.08029117  0.00000000

     Dynamical  Matrix in cartesian axes

     q = (   -0.583333333   0.250000000   0.500000000 ) 

    1    1
  0.07942375  0.00000000    0.00236659  0.00000000   -0.07315864  0.00000000
  0.00236659  0.00000000    0.07746917  0.00000000   -0.01982893  0.00000000
 -0.07315864  0.00000000   -0.01982893  0.00000000    0.08029117  0.00000000

     Dynamical  Matrix in cartesian axes

     q = (   -0.583333333  -0.500000000   0.250000000 ) 

    1    1
  0.07942375  0.00000000    0.07315864  0.00000000    0.00236659  0.00000000
  0.07315864  0.00000000    0.08029117  0.00000000    0.01982893  0.00000000
  0.00236659  0.00000000    0.01982893  0.00000000    0.07746917  0.00000000

     Dynamical  Matrix in cartesian axes

     q = (   -0.500000000  -0.250000000  -0.583333333 ) 

    1    1
  0.08029117  0.00000000   -0.01982893  0.00000000    0.07315864  0.00000000
 -0.01982893  0.00000000    0.07746917  0.00000000   -0.00236659  0.00000000
  0.07315864  0.00000000   -0.00236659  0.00000000    0.07942375  0.00000000

     Dynamical  Matrix in cartesian axes

     q = (   -0.500000000   0.250000000   0.583333333 ) 

    1    1
  0.08029117  0.00000000    0.01982893  0.00000000   -0.07315864  0.00000000
  0.01982893  0.00000000    0.07746917  0.00000000   -0.00236659  0.00000000
 -0.07315864  0.00000000   -0.00236659  0.00000000    0.07942375  0.00000000

     Dynamical  Matrix in cartesian axes

     q = (    0.583333333  -0.500000000  -0.250000000 ) 

    1    1
  0.07942375  0.00000000   -0.07315864  0.00000000    0.00236659  0.00000000
 -0.07315864  0.00000000    0.08029117  0.00000000   -0.01982893  0.00000000
  0.00236659  0.00000000   -0.01982893  0.00000000    0.07746917  0.00000000

     Dynamical  Matrix in cartesian axes

     q = (    0.500000000  -0.583333333  -0.250000000 ) 

    1    1
  0.08029117  0.00000000   -0.07315864  0.00000000    0.01982893  0.00000000
 -0.07315864  0.00000000    0.07942375  0.00000000   -0.00236659  0.00000000
  0.01982893  0.00000000   -0.00236659  0.00000000    0.07746917  0.00000000

     Dynamical  Matrix in cartesian axes

     q = (    0.500000000   0.583333333  -0.250000000 ) 

    1    1
  0.08029117  0.00000000    0.07315864  0.00000000    0.01982893  0.00000000
  0.07315864  0.00000000    0.07942375  0.00000000    0.00236659  0.00000000
  0.01982893  0.00000000    0.00236659  0.00000000    0.07746917  0.00000000

     Dynamical  Matrix in cartesian axes

     q = (    0.250000000   0.500000000  -0.583333333 ) 

    1    1
  0.07746917  0.00000000   -0.01982893  0.00000000    0.00236659  0.00000000
 -0.01982893  0.00000000    0.08029117  0.00000000   -0.07315864  0.00000000
  0.00236659  0.00000000   -0.07315864  0.00000000    0.07942375  0.00000000

     Dynamical  Matrix in cartesian axes

     q = (    0.500000000   0.250000000   0.583333333 ) 

    1    1
  0.08029117  0.00000000   -0.01982893  0.00000000    0.07315864  0.00000000
 -0.01982893  0.00000000    0.07746917  0.00000000   -0.00236659  0.00000000
  0.07315864  0.00000000   -0.00236659  0.00000000    0.07942375  0.00000000

     Dynamical  Matrix in cartesian axes

     q = (    0.250000000  -0.583333333   0.500000000 ) 

    1    1
  0.07746917  0.00000000    0.00236659  0.00000000   -0.01982893  0.00000000
  0.00236659  0.00000000    0.07942375  0.00000000   -0.07315864  0.00000000
 -0.01982893  0.00000000   -0.07315864  0.00000000    0.08029117  0.00000000

     Dynamical  Matrix in cartesian axes

     q = (    0.500000000  -0.250000000  -0.583333333 ) 

    1    1
  0.08029117  0.00000000    0.01982893  0.00000000   -0.07315864  0.00000000
  0.01982893  0.00000000    0.07746917  0.00000000   -0.00236659  0.00000000
 -0.07315864  0.00000000   -0.00236659  0.00000000    0.07942375  0.00000000

     Dynamical  Matrix in cartesian axes

     q = (   -0.500000000  -0.250000000   0.583333333 ) 

    1    1
  0.08029117  0.00000000   -0.01982893  0.00000000   -0.07315864  0.00000000
 -0.01982893  0.00000000    0.07746917  0.00000000    0.00236659  0.00000000
 -0.07315864  0.00000000    0.00236659  0.00000000    0.07942375  0.00000000

     Dynamical  Matrix in cartesian axes

     q = (   -0.500000000  -0.583333333   0.250000000 ) 

    1    1
  0.08029117  0.00000000    0.07315864  0.00000000    0.01982893  0.00000000
  0.07315864  0.00000000    0.07942375  0.00000000    0.00236659  0.00000000
  0.01982893  0.00000000    0.00236659  0.00000000    0.07746917  0.00000000

     Dynamical  Matrix in cartesian axes

     q = (   -0.500000000   0.583333333  -0.250000000 ) 

    1    1
  0.08029117  0.00000000   -0.07315864  0.00000000   -0.01982893  0.00000000
 -0.07315864  0.00000000    0.07942375  0.00000000    0.00236659  0.00000000
 -0.01982893  0.00000000    0.00236659  0.00000000    0.07746917  0.00000000

     Dynamical  Matrix in cartesian axes

     q = (   -0.583333333  -0.250000000  -0.500000000 ) 

    1    1
  0.07942375  0.00000000   -0.00236659  0.00000000    0.07315864  0.00000000
 -0.00236659  0.00000000    0.07746917  0.00000000   -0.01982893  0.00000000
  0.07315864  0.00000000   -0.01982893  0.00000000    0.08029117  0.00000000

     Dynamical  Matrix in cartesian axes

     q = (    0.250000000   0.583333333   0.500000000 ) 

    1    1
  0.07746917  0.00000000   -0.00236659  0.00000000   -0.01982893  0.00000000
 -0.00236659  0.00000000    0.07942375  0.00000000    0.07315864  0.00000000
 -0.01982893  0.00000000    0.07315864  0.00000000    0.08029117  0.00000000

     Dynamical  Matrix in cartesian axes

     q = (   -0.250000000   0.583333333  -0.500000000 ) 

    1    1
  0.07746917  0.00000000    0.00236659  0.00000000   -0.01982893  0.00000000
  0.00236659  0.00000000    0.07942375  0.00000000   -0.07315864  0.00000000
 -0.01982893  0.00000000   -0.07315864  0.00000000    0.08029117  0.00000000

     Dynamical  Matrix in cartesian axes

     q = (    0.250000000  -0.583333333  -0.500000000 ) 

    1    1
  0.07746917  0.00000000    0.00236659  0.00000000    0.01982893  0.00000000
  0.00236659  0.00000000    0.07942375  0.00000000    0.07315864  0.00000000
  0.01982893  0.00000000    0.07315864  0.00000000    0.08029117  0.00000000

     Dynamical  Matrix in cartesian axes

     q = (   -0.250000000  -0.583333333   0.500000000 ) 

    1    1
  0.07746917  0.00000000   -0.00236659  0.00000000    0.01982893  0.00000000
 -0.00236659  0.00000000    0.07942375  0.00000000   -0.07315864  0.00000000
  0.01982893  0.00000000   -0.07315864  0.00000000    0.08029117  0.00000000

     Dynamical  Matrix in cartesian axes

     q = (   -0.583333333   0.500000000  -0.250000000 ) 

    1    1
  0.07942375  0.00000000   -0.07315864  0.00000000   -0.00236659  0.00000000
 -0.07315864  0.00000000    0.08029117  0.00000000    0.01982893  0.00000000
 -0.00236659  0.00000000    0.01982893  0.00000000    0.07746917  0.00000000

     Dynamical  Matrix in cartesian axes

     q = (    0.583333333  -0.250000000  -0.500000000 ) 

    1    1
  0.07942375  0.00000000    0.00236659  0.00000000   -0.07315864  0.00000000
  0.00236659  0.00000000    0.07746917  0.00000000   -0.01982893  0.00000000
 -0.07315864  0.00000000   -0.01982893  0.00000000    0.08029117  0.00000000

     Dynamical  Matrix in cartesian axes

     q = (   -0.583333333  -0.250000000   0.500000000 ) 

    1    1
  0.07942375  0.00000000   -0.00236659  0.00000000   -0.07315864  0.00000000
 -0.00236659  0.00000000    0.07746917  0.00000000    0.01982893  0.00000000
 -0.07315864  0.00000000    0.01982893  0.00000000    0.08029117  0.00000000

     Dynamical  Matrix in cartesian axes

     q = (    0.583333333   0.250000000   0.500000000 ) 

    1    1
  0.07942375  0.00000000   -0.00236659  0.00000000    0.07315864  0.00000000
 -0.00236659  0.00000000    0.07746917  0.00000000   -0.01982893  0.00000000
  0.07315864  0.00000000   -0.01982893  0.00000000    0.08029117  0.00000000

     Dynamical  Matrix in cartesian axes

     q = (   -0.583333333   0.250000000  -0.500000000 ) 

    1    1
  0.07942375  0.00000000    0.00236659  0.00000000    0.07315864  0.00000000
  0.00236659  0.00000000    0.07746917  0.00000000    0.01982893  0.00000000
  0.07315864  0.00000000    0.01982893  0.00000000    0.08029117  0.00000000

     Dynamical  Matrix in cartesian axes

     q = (   -0.250000000  -0.500000000   0.583333333 ) 

    1    1
  0.07746917  0.00000000   -0.01982893  0.00000000    0.00236659  0.00000000
 -0.01982893  0.00000000    0.08029117  0.00000000   -0.07315864  0.00000000
  0.00236659  0.00000000   -0.07315864  0.00000000    0.07942375  0.00000000

     Dynamical  Matrix in cartesian axes

     q = (   -0.250000000   0.500000000  -0.583333333 ) 

    1    1
  0.07746917  0.00000000    0.01982893  0.00000000   -0.00236659  0.00000000
  0.01982893  0.00000000    0.08029117  0.00000000   -0.07315864  0.00000000
 -0.00236659  0.00000000   -0.07315864  0.00000000    0.07942375  0.00000000

     Dynamical  Matrix in cartesian axes

     q = (    0.250000000   0.500000000   0.583333333 ) 

    1    1
  0.07746917  0.00000000   -0.01982893  0.00000000   -0.00236659  0.00000000
 -0.01982893  0.00000000    0.08029117  0.00000000    0.07315864  0.00000000
 -0.00236659  0.00000000    0.07315864  0.00000000    0.07942375  0.00000000

     Dynamical  Matrix in cartesian axes

     q = (    0.250000000  -0.500000000  -0.583333333 ) 

    1    1
  0.07746917  0.00000000    0.01982893  0.00000000    0.00236659  0.00000000
  0.01982893  0.00000000    0.08029117  0.00000000    0.07315864  0.00000000
  0.00236659  0.00000000    0.07315864  0.00000000    0.07942375  0.00000000

     Diagonalizing the dynamical matrix

     q = (    0.500000000  -0.583333333   0.250000000 ) 

 **************************************************************************
     freq (    1) =       1.418665 [THz] =      47.321573 [cm-1]
 (  0.707399  0.000000  0.686029  0.000000  0.170152  0.000000 ) 
     freq (    2) =       5.798912 [THz] =     193.430876 [cm-1]
 ( -0.020490  0.000000  0.260534  0.000000 -0.965247  0.000000 ) 
     freq (    3) =       8.291164 [THz] =     276.563451 [cm-1]
 ( -0.706518  0.000000  0.679328  0.000000  0.198358  0.000000 ) 
 **************************************************************************
