Dynamical matrix file
                                                                           
  1    1  3  6.1240000  0.0000000  0.0000000  0.0000000  0.0000000  0.0000000
           1  'Al  '    24592.588541212976     
    1    1      0.0000000000      0.0000000000      0.0000000000

     Dynamical  Matrix in cartesian axes

     q = (   -0.083333333  -0.250000000   0.333333333 ) 

    1    1
  0.04735594  0.00000000    0.00982014  0.00000000   -0.01714003  0.00000000
  0.00982014  0.00000000    0.05024196  0.00000000   -0.06502448  0.00000000
 -0.01714003  0.00000000   -0.06502448  0.00000000    0.05386562  0.00000000

     Dynamical  Matrix in cartesian axes

     q = (   -0.250000000  -0.083333333   0.333333333 ) 

    1    1
  0.05024196  0.00000000    0.00982014  0.00000000   -0.06502448  0.00000000
  0.00982014  0.00000000    0.04735594  0.00000000   -0.01714003  0.00000000
 -0.06502448  0.00000000   -0.01714003  0.00000000    0.05386562  0.00000000

     Dynamical  Matrix in cartesian axes

     q = (    0.083333333  -0.333333333   0.250000000 ) 

    1    1
  0.04735594  0.00000000   -0.01714003  0.00000000    0.00982014  0.00000000
 -0.01714003  0.00000000    0.05386562  0.00000000   -0.06502448  0.00000000
  0.00982014  0.00000000   -0.06502448  0.00000000    0.05024196  0.00000000

     Dynamical  Matrix in cartesian axes

     q = (   -0.083333333  -0.333333333   0.250000000 ) 

    1    1
  0.04735594  0.00000000    0.01714003  0.00000000   -0.00982014  0.00000000
  0.01714003  0.00000000    0.05386562  0.00000000   -0.06502448  0.00000000
 -0.00982014  0.00000000   -0.06502448  0.00000000    0.05024196  0.00000000

     Dynamical  Matrix in cartesian axes

     q = (   -0.083333333   0.250000000  -0.333333333 ) 

    1    1
  0.04735594  0.00000000   -0.00982014  0.00000000    0.01714003  0.00000000
 -0.00982014  0.00000000    0.05024196  0.00000000   -0.06502448  0.00000000
  0.01714003  0.00000000   -0.06502448  0.00000000    0.05386562  0.00000000

     Dynamical  Matrix in cartesian axes

     q = (   -0.083333333   0.333333333  -0.250000000 ) 

    1    1
  0.04735594  0.00000000   -0.01714003  0.00000000    0.00982014  0.00000000
 -0.01714003  0.00000000    0.05386562  0.00000000   -0.06502448  0.00000000
  0.00982014  0.00000000   -0.06502448  0.00000000    0.05024196  0.00000000

     Dynamical  Matrix in cartesian axes

     q = (    0.083333333   0.333333333  -0.250000000 ) 

    1    1
  0.04735594  0.00000000    0.01714003  0.00000000   -0.00982014  0.00000000
  0.01714003  0.00000000    0.05386562  0.00000000   -0.06502448  0.00000000
 -0.00982014  0.00000000   -0.06502448  0.00000000    0.05024196  0.00000000

     Dynamical  Matrix in cartesian axes

     q = (    0.083333333   0.250000000  -0.333333333 ) 

    1    1
  0.04735594  0.00000000    0.00982014  0.00000000   -0.01714003  0.00000000
  0.00982014  0.00000000    0.05024196  0.00000000   -0.06502448  0.00000000
 -0.01714003  0.00000000   -0.06502448  0.00000000    0.05386562  0.00000000

     Dynamical  Matrix in cartesian axes

     q = (    0.250000000  -0.333333333  -0.083333333 ) 

    1    1
  0.05024196  0.00000000   -0.06502448  0.00000000   -0.00982014  0.00000000
 -0.06502448  0.00000000    0.05386562  0.00000000    0.01714003  0.00000000
 -0.00982014  0.00000000    0.01714003  0.00000000    0.04735594  0.00000000

     Dynamical  Matrix in cartesian axes

     q = (    0.250000000   0.333333333   0.083333333 ) 

    1    1
  0.05024196  0.00000000    0.06502448  0.00000000    0.00982014  0.00000000
  0.06502448  0.00000000    0.05386562  0.00000000    0.01714003  0.00000000
  0.00982014  0.00000000    0.01714003  0.00000000    0.04735594  0.00000000

     Dynamical  Matrix in cartesian axes

     q = (    0.333333333   0.083333333   0.250000000 ) 

    1    1
  0.05386562  0.00000000    0.01714003  0.00000000    0.06502448  0.00000000
  0.01714003  0.00000000    0.04735594  0.00000000    0.00982014  0.00000000
  0.06502448  0.00000000    0.00982014  0.00000000    0.05024196  0.00000000

     Dynamical  Matrix in cartesian axes

     q = (   -0.083333333   0.250000000   0.333333333 ) 

    1    1
  0.04735594  0.00000000   -0.00982014  0.00000000   -0.01714003  0.00000000
 -0.00982014  0.00000000    0.05024196  0.00000000    0.06502448  0.00000000
 -0.01714003  0.00000000    0.06502448  0.00000000    0.05386562  0.00000000

     Dynamical  Matrix in cartesian axes

     q = (   -0.333333333  -0.083333333   0.250000000 ) 

    1    1
  0.05386562  0.00000000    0.01714003  0.00000000   -0.06502448  0.00000000
  0.01714003  0.00000000    0.04735594  0.00000000   -0.00982014  0.00000000
 -0.06502448  0.00000000   -0.00982014  0.00000000    0.05024196  0.00000000

     Dynamical  Matrix in cartesian axes

     q = (    0.083333333  -0.250000000  -0.333333333 ) 

    1    1
  0.04735594  0.00000000   -0.00982014  0.00000000   -0.01714003  0.00000000
 -0.00982014  0.00000000    0.05024196  0.00000000    0.06502448  0.00000000
 -0.01714003  0.00000000    0.06502448  0.00000000    0.05386562  0.00000000

     Dynamical  Matrix in cartesian axes

     q = (   -0.250000000   0.333333333  -0.083333333 ) 

    1    1
  0.05024196  0.00000000   -0.06502448  0.00000000    0.00982014  0.00000000
 -0.06502448  0.00000000    0.05386562  0.00000000   -0.01714003  0.00000000
  0.00982014  0.00000000   -0.01714003  0.00000000    0.04735594  0.00000000

     Dynamical  Matrix in cartesian axes

     q = (    0.250000000  -0.083333333  -0.333333333 ) 

    1    1
  0.05024196  0.00000000   -0.00982014  0.00000000   -0.06502448  0.00000000
 -0.00982014  0.00000000    0.04735594  0.00000000    0.01714003  0.00000000
 -0.06502448  0.00000000    0.01714003  0.00000000    0.05386562  0.00000000

     Dynamical  Matrix in cartesian axes

     q = (   -0.250000000   0.083333333  -0.333333333 ) 

    1    1
  0.05024196  0.00000000   -0.00982014  0.00000000    0.06502448  0.00000000
 -0.00982014  0.00000000    0.04735594  0.00000000   -0.01714003  0.00000000
  0.06502448  0.00000000   -0.01714003  0.00000000    0.05386562  0.00000000

     Dynamical  Matrix in cartesian axes

     q = (   -0.333333333   0.083333333  -0.250000000 ) 

    1    1
  0.05386562  0.00000000   -0.01714003  0.00000000    0.06502448  0.00000000
 -0.01714003  0.00000000    0.04735594  0.00000000   -0.00982014  0.00000000
  0.06502448  0.00000000   -0.00982014  0.00000000    0.05024196  0.00000000

     Dynamical  Matrix in cartesian axes

     q = (   -0.333333333   0.250000000  -0.083333333 ) 

    1    1
  0.05386562  0.00000000   -0.06502448  0.00000000    0.01714003  0.00000000
 -0.06502448  0.00000000    0.05024196  0.00000000   -0.00982014  0.00000000
  0.01714003  0.00000000   -0.00982014  0.00000000    0.04735594  0.00000000

     Dynamical  Matrix in cartesian axes

     q = (    0.333333333   0.250000000   0.083333333 ) 

    1    1
  0.05386562  0.00000000    0.06502448  0.00000000    0.01714003  0.00000000
  0.06502448  0.00000000    0.05024196  0.00000000    0.00982014  0.00000000
  0.01714003  0.00000000    0.00982014  0.00000000    0.04735594  0.00000000

     Dynamical  Matrix in cartesian axes

     q = (    0.083333333  -0.250000000   0.333333333 ) 

    1    1
  0.04735594  0.00000000   -0.00982014  0.00000000    0.01714003  0.00000000
 -0.00982014  0.00000000    0.05024196  0.00000000   -0.06502448  0.00000000
  0.01714003  0.00000000   -0.06502448  0.00000000    0.05386562  0.00000000

     Dynamical  Matrix in cartesian axes

     q = (   -0.333333333  -0.250000000   0.083333333 ) 

    1    1
  0.05386562  0.00000000    0.06502448  0.00000000   -0.01714003  0.00000000
  0.06502448  0.00000000    0.05024196  0.00000000   -0.00982014  0.00000000
 -0.01714003  0.00000000   -0.00982014  0.00000000    0.04735594  0.00000000

     Dynamical  Matrix in cartesian axes

     q = (    0.083333333  -0.333333333  -0.250000000 ) 

    1    1
  0.04735594  0.00000000   -0.01714003  0.00000000   -0.00982014  0.00000000
 -0.01714003  0.00000000    0.05386562  0.00000000    0.06502448  0.00000000
 -0.00982014  0.00000000    0.06502448  0.00000000    0.05024196  0.00000000

     Dynamical  Matrix in cartesian axes

     q = (    0.083333333   0.333333333   0.250000000 ) 

    1    1
  0.04735594  0.00000000    0.01714003  0.00000000    0.00982014  0.00000000
  0.01714003  0.00000000    0.05386562  0.00000000    0.06502448  0.00000000
  0.00982014  0.00000000    0.06502448  0.00000000    0.05024196  0.00000000

     Dynamical  Matrix in cartesian axes

     q = (    0.250000000   0.083333333  -0.333333333 ) 

    1    1
  0.05024196  0.00000000    0.00982014  0.00000000   -0.06502448  0.00000000
  0.00982014  0.00000000    0.04735594  0.00000000   -0.01714003  0.00000000
 -0.06502448  0.00000000   -0.01714003  0.00000000    0.05386562  0.00000000

     Dynamical  Matrix in cartesian axes

     q = (   -0.083333333  -0.250000000  -0.333333333 ) 

    1    1
  0.04735594  0.00000000    0.00982014  0.00000000    0.01714003  0.00000000
  0.00982014  0.00000000    0.05024196  0.00000000    0.06502448  0.00000000
  0.01714003  0.00000000    0.06502448  0.00000000    0.05386562  0.00000000

     Dynamical  Matrix in cartesian axes

     q = (    0.333333333  -0.083333333  -0.250000000 ) 

    1    1
  0.05386562  0.00000000   -0.01714003  0.00000000   -0.06502448  0.00000000
 -0.01714003  0.00000000    0.04735594  0.00000000    0.00982014  0.00000000
 -0.06502448  0.00000000    0.00982014  0.00000000    0.05024196  0.00000000

     Dynamical  Matrix in cartesian axes

     q = (    0.250000000  -0.083333333   0.333333333 ) 

    1    1
  0.05024196  0.00000000   -0.00982014  0.00000000    0.06502448  0.00000000
 -0.00982014  0.00000000    0.04735594  0.00000000   -0.01714003  0.00000000
  0.06502448  0.00000000   -0.01714003  0.00000000    0.05386562  0.00000000

     Dynamical  Matrix in cartesian axes

     q = (   -0.083333333   0.333333333   0.250000000 ) 

    1    1
  0.04735594  0.00000000   -0.01714003  0.00000000   -0.00982014  0.00000000
 -0.01714003  0.00000000    0.05386562  0.00000000    0.06502448  0.00000000
 -0.00982014  0.00000000    0.06502448  0.00000000    0.05024196  0.00000000

     Dynamical  Matrix in cartesian axes

     q = (   -0.250000000   0.083333333   0.333333333 ) 

    1    1
  0.05024196  0.00000000   -0.00982014  0.00000000   -0.06502448  0.00000000
 -0.00982014  0.00000000    0.04735594  0.00000000    0.01714003  0.00000000
 -0.06502448  0.00000000    0.01714003  0.00000000    0.05386562  0.00000000

     Dynamical  Matrix in cartesian axes

     q = (   -0.083333333  -0.333333333  -0.250000000 ) 

    1    1
  0.04735594  0.00000000    0.01714003  0.00000000    0.00982014  0.00000000
  0.01714003  0.00000000    0.05386562  0.00000000    0.06502448  0.00000000
  0.00982014  0.00000000    0.06502448  0.00000000    0.05024196  0.00000000

     Dynamical  Matrix in cartesian axes

     q = (    0.333333333  -0.250000000  -0.083333333 ) 

    1    1
  0.05386562  0.00000000   -0.06502448  0.00000000   -0.01714003  0.00000000
 -0.06502448  0.00000000    0.05024196  0.00000000    0.00982014  0.00000000
 -0.01714003  0.00000000    0.00982014  0.00000000    0.04735594  0.00000000

     Dynamical  Matrix in cartesian axes

     q = (    0.083333333   0.250000000   0.333333333 ) 

    1    1
  0.04735594  0.00000000    0.00982014  0.00000000    0.01714003  0.00000000
  0.00982014  0.00000000    0.05024196  0.00000000    0.06502448  0.00000000
  0.01714003  0.00000000    0.06502448  0.00000000    0.05386562  0.00000000

     Dynamical  Matrix in cartesian axes

     q = (    0.250000000   0.083333333   0.333333333 ) 

    1    1
  0.05024196  0.00000000    0.00982014  0.00000000    0.06502448  0.00000000
  0.00982014  0.00000000    0.04735594  0.00000000    0.01714003  0.00000000
  0.06502448  0.00000000    0.01714003  0.00000000    0.05386562  0.00000000

     Dynamical  Matrix in cartesian axes

     q = (   -0.250000000  -0.333333333   0.083333333 ) 

    1    1
  0.05024196  0.00000000    0.06502448  0.00000000   -0.00982014  0.00000000
  0.06502448  0.00000000    0.05386562  0.00000000   -0.01714003  0.00000000
 -0.00982014  0.00000000   -0.01714003  0.00000000    0.04735594  0.00000000

     Dynamical  Matrix in cartesian axes

     q = (    0.333333333   0.250000000  -0.083333333 ) 

    1    1
  0.05386562  0.00000000    0.06502448  0.00000000   -0.01714003  0.00000000
  0.06502448  0.00000000    0.05024196  0.00000000   -0.00982014  0.00000000
 -0.01714003  0.00000000   -0.00982014  0.00000000    0.04735594  0.00000000

     Dynamical  Matrix in cartesian axes

     q = (   -0.333333333   0.250000000   0.083333333 ) 

    1    1
  0.05386562  0.00000000   -0.06502448  0.00000000   -0.01714003  0.00000000
 -0.06502448  0.00000000    0.05024196  0.00000000    0.00982014  0.00000000
 -0.01714003  0.00000000    0.00982014  0.00000000    0.04735594  0.00000000

     Dynamical  Matrix in cartesian axes

     q = (    0.333333333  -0.250000000   0.083333333 ) 

    1    1
  0.05386562  0.00000000   -0.06502448  0.00000000    0.01714003  0.00000000
 -0.06502448  0.00000000    0.05024196  0.00000000   -0.00982014  0.00000000
  0.01714003  0.00000000   -0.00982014  0.00000000    0.04735594  0.00000000

     Dynamical  Matrix in cartesian axes

     q = (   -0.333333333  -0.250000000  -0.083333333 ) 

    1    1
  0.05386562  0.00000000    0.06502448  0.00000000    0.01714003  0.00000000
  0.06502448  0.00000000    0.05024196  0.00000000    0.00982014  0.00000000
  0.01714003  0.00000000    0.00982014  0.00000000    0.04735594  0.00000000

     Dynamical  Matrix in cartesian axes

     q = (   -0.250000000  -0.083333333  -0.333333333 ) 

    1    1
  0.05024196  0.00000000    0.00982014  0.00000000    0.06502448  0.00000000
  0.00982014  0.00000000    0.04735594  0.00000000    0.01714003  0.00000000
  0.06502448  0.00000000    0.01714003  0.00000000    0.05386562  0.00000000

     Dynamical  Matrix in cartesian axes

     q = (    0.250000000  -0.333333333   0.083333333 ) 

    1    1
  0.05024196  0.00000000   -0.06502448  0.00000000    0.00982014  0.00000000
 -0.06502448  0.00000000    0.05386562  0.00000000   -0.01714003  0.00000000
  0.00982014  0.00000000   -0.01714003  0.00000000    0.04735594  0.00000000

     Dynamical  Matrix in cartesian axes

     q = (   -0.250000000  -0.333333333  -0.083333333 ) 

    1    1
  0.05024196  0.00000000    0.06502448  0.00000000    0.00982014  0.00000000
  0.06502448  0.00000000    0.05386562  0.00000000    0.01714003  0.00000000
  0.00982014  0.00000000    0.01714003  0.00000000    0.04735594  0.00000000

     Dynamical  Matrix in cartesian axes

     q = (    0.250000000   0.333333333  -0.083333333 ) 

    1    1
  0.05024196  0.00000000    0.06502448  0.00000000   -0.00982014  0.00000000
  0.06502448  0.00000000    0.05386562  0.00000000   -0.01714003  0.00000000
 -0.00982014  0.00000000   -0.01714003  0.00000000    0.04735594  0.00000000

     Dynamical  Matrix in cartesian axes

     q = (   -0.250000000   0.333333333   0.083333333 ) 

    1    1
  0.05024196  0.00000000   -0.06502448  0.00000000   -0.00982014  0.00000000
 -0.06502448  0.00000000    0.05386562  0.00000000    0.01714003  0.00000000
 -0.00982014  0.00000000    0.01714003  0.00000000    0.04735594  0.00000000

     Dynamical  Matrix in cartesian axes

     q = (   -0.333333333   0.083333333   0.250000000 ) 

    1    1
  0.05386562  0.00000000   -0.01714003  0.00000000   -0.06502448  0.00000000
 -0.01714003  0.00000000    0.04735594  0.00000000    0.00982014  0.00000000
 -0.06502448  0.00000000    0.00982014  0.00000000    0.05024196  0.00000000

     Dynamical  Matrix in cartesian axes

     q = (   -0.333333333  -0.083333333  -0.250000000 ) 

    1    1
  0.05386562  0.00000000    0.01714003  0.00000000    0.06502448  0.00000000
  0.01714003  0.00000000    0.04735594  0.00000000    0.00982014  0.00000000
  0.06502448  0.00000000    0.00982014  0.00000000    0.05024196  0.00000000

     Dynamical  Matrix in cartesian axes

     q = (    0.333333333  -0.083333333   0.250000000 ) 

    1    1
  0.05386562  0.00000000   -0.01714003  0.00000000    0.06502448  0.00000000
 -0.01714003  0.00000000    0.04735594  0.00000000   -0.00982014  0.00000000
  0.06502448  0.00000000   -0.00982014  0.00000000    0.05024196  0.00000000

     Dynamical  Matrix in cartesian axes

     q = (    0.333333333   0.083333333  -0.250000000 ) 

    1    1
  0.05386562  0.00000000    0.01714003  0.00000000   -0.06502448  0.00000000
  0.01714003  0.00000000    0.04735594  0.00000000   -0.00982014  0.00000000
 -0.06502448  0.00000000   -0.00982014  0.00000000    0.05024196  0.00000000

     Diagonalizing the dynamical matrix

     q = (   -0.083333333  -0.250000000   0.333333333 ) 

 **************************************************************************
     freq (    1) =      -2.429500 [THz] =     -81.039413 [cm-1]
 (  0.084400 -0.000000  0.705647 -0.000000  0.703519  0.000000 ) 
     freq (    2) =       4.342920 [THz] =     144.864214 [cm-1]
 (  0.964871  0.000000 -0.234166  0.000000  0.119121  0.000000 ) 
     freq (    3) =       7.328012 [THz] =     244.436183 [cm-1]
 ( -0.248797  0.000000 -0.668751  0.000000  0.700622  0.000000 ) 
 **************************************************************************
