Dynamical matrix file
                                                                           
  1    1  3  6.1240000  0.0000000  0.0000000  0.0000000  0.0000000  0.0000000
           1  'Al  '    24592.588541212976     
    1    1      0.0000000000      0.0000000000      0.0000000000

     Dynamical  Matrix in cartesian axes

     q = (   -0.083333333  -0.166666667   0.583333333 ) 

    1    1
  0.09453175  0.00000000   -0.00315343  0.00000000   -0.02185659  0.00000000
 -0.00315343  0.00000000    0.09512440  0.00000000   -0.04797888  0.00000000
 -0.02185659  0.00000000   -0.04797888  0.00000000    0.10906565  0.00000000

     Dynamical  Matrix in cartesian axes

     q = (   -0.166666667  -0.083333333   0.583333333 ) 

    1    1
  0.09512440  0.00000000   -0.00315343  0.00000000   -0.04797888  0.00000000
 -0.00315343  0.00000000    0.09453175  0.00000000   -0.02185659  0.00000000
 -0.04797888  0.00000000   -0.02185659  0.00000000    0.10906565  0.00000000

     Dynamical  Matrix in cartesian axes

     q = (    0.083333333   0.583333333  -0.166666667 ) 

    1    1
  0.09453175  0.00000000    0.02185659  0.00000000    0.00315343  0.00000000
  0.02185659  0.00000000    0.10906565  0.00000000   -0.04797888  0.00000000
  0.00315343  0.00000000   -0.04797888  0.00000000    0.09512440  0.00000000

     Dynamical  Matrix in cartesian axes

     q = (   -0.083333333   0.583333333  -0.166666667 ) 

    1    1
  0.09453175  0.00000000   -0.02185659  0.00000000   -0.00315343  0.00000000
 -0.02185659  0.00000000    0.10906565  0.00000000   -0.04797888  0.00000000
 -0.00315343  0.00000000   -0.04797888  0.00000000    0.09512440  0.00000000

     Dynamical  Matrix in cartesian axes

     q = (   -0.083333333   0.166666667   0.583333333 ) 

    1    1
  0.09453175  0.00000000    0.00315343  0.00000000   -0.02185659  0.00000000
  0.00315343  0.00000000    0.09512440  0.00000000    0.04797888  0.00000000
 -0.02185659  0.00000000    0.04797888  0.00000000    0.10906565  0.00000000

     Dynamical  Matrix in cartesian axes

     q = (    0.166666667  -0.083333333   0.583333333 ) 

    1    1
  0.09512440  0.00000000    0.00315343  0.00000000    0.04797888  0.00000000
  0.00315343  0.00000000    0.09453175  0.00000000   -0.02185659  0.00000000
  0.04797888  0.00000000   -0.02185659  0.00000000    0.10906565  0.00000000

     Dynamical  Matrix in cartesian axes

     q = (   -0.166666667   0.083333333   0.583333333 ) 

    1    1
  0.09512440  0.00000000    0.00315343  0.00000000   -0.04797888  0.00000000
  0.00315343  0.00000000    0.09453175  0.00000000    0.02185659  0.00000000
 -0.04797888  0.00000000    0.02185659  0.00000000    0.10906565  0.00000000

     Dynamical  Matrix in cartesian axes

     q = (    0.083333333  -0.166666667   0.583333333 ) 

    1    1
  0.09453175  0.00000000    0.00315343  0.00000000    0.02185659  0.00000000
  0.00315343  0.00000000    0.09512440  0.00000000   -0.04797888  0.00000000
  0.02185659  0.00000000   -0.04797888  0.00000000    0.10906565  0.00000000

     Dynamical  Matrix in cartesian axes

     q = (    0.166666667  -0.583333333  -0.083333333 ) 

    1    1
  0.09512440  0.00000000   -0.04797888  0.00000000    0.00315343  0.00000000
 -0.04797888  0.00000000    0.10906565  0.00000000    0.02185659  0.00000000
  0.00315343  0.00000000    0.02185659  0.00000000    0.09453175  0.00000000

     Dynamical  Matrix in cartesian axes

     q = (    0.083333333   0.166666667   0.583333333 ) 

    1    1
  0.09453175  0.00000000   -0.00315343  0.00000000    0.02185659  0.00000000
 -0.00315343  0.00000000    0.09512440  0.00000000    0.04797888  0.00000000
  0.02185659  0.00000000    0.04797888  0.00000000    0.10906565  0.00000000

     Dynamical  Matrix in cartesian axes

     q = (    0.583333333   0.083333333   0.166666667 ) 

    1    1
  0.10906565  0.00000000    0.02185659  0.00000000    0.04797888  0.00000000
  0.02185659  0.00000000    0.09453175  0.00000000   -0.00315343  0.00000000
  0.04797888  0.00000000   -0.00315343  0.00000000    0.09512440  0.00000000

     Dynamical  Matrix in cartesian axes

     q = (   -0.583333333   0.083333333  -0.166666667 ) 

    1    1
  0.10906565  0.00000000   -0.02185659  0.00000000    0.04797888  0.00000000
 -0.02185659  0.00000000    0.09453175  0.00000000    0.00315343  0.00000000
  0.04797888  0.00000000    0.00315343  0.00000000    0.09512440  0.00000000

     Dynamical  Matrix in cartesian axes

     q = (   -0.583333333  -0.083333333   0.166666667 ) 

    1    1
  0.10906565  0.00000000    0.02185659  0.00000000   -0.04797888  0.00000000
  0.02185659  0.00000000    0.09453175  0.00000000    0.00315343  0.00000000
 -0.04797888  0.00000000    0.00315343  0.00000000    0.09512440  0.00000000

     Dynamical  Matrix in cartesian axes

     q = (    0.083333333  -0.166666667  -0.583333333 ) 

    1    1
  0.09453175  0.00000000    0.00315343  0.00000000   -0.02185659  0.00000000
  0.00315343  0.00000000    0.09512440  0.00000000    0.04797888  0.00000000
 -0.02185659  0.00000000    0.04797888  0.00000000    0.10906565  0.00000000

     Dynamical  Matrix in cartesian axes

     q = (   -0.083333333  -0.583333333   0.166666667 ) 

    1    1
  0.09453175  0.00000000    0.02185659  0.00000000    0.00315343  0.00000000
  0.02185659  0.00000000    0.10906565  0.00000000   -0.04797888  0.00000000
  0.00315343  0.00000000   -0.04797888  0.00000000    0.09512440  0.00000000

     Dynamical  Matrix in cartesian axes

     q = (    0.166666667  -0.083333333  -0.583333333 ) 

    1    1
  0.09512440  0.00000000    0.00315343  0.00000000   -0.04797888  0.00000000
  0.00315343  0.00000000    0.09453175  0.00000000    0.02185659  0.00000000
 -0.04797888  0.00000000    0.02185659  0.00000000    0.10906565  0.00000000

     Dynamical  Matrix in cartesian axes

     q = (   -0.166666667   0.083333333  -0.583333333 ) 

    1    1
  0.09512440  0.00000000    0.00315343  0.00000000    0.04797888  0.00000000
  0.00315343  0.00000000    0.09453175  0.00000000   -0.02185659  0.00000000
  0.04797888  0.00000000   -0.02185659  0.00000000    0.10906565  0.00000000

     Dynamical  Matrix in cartesian axes

     q = (   -0.583333333  -0.166666667   0.083333333 ) 

    1    1
  0.10906565  0.00000000    0.04797888  0.00000000   -0.02185659  0.00000000
  0.04797888  0.00000000    0.09512440  0.00000000    0.00315343  0.00000000
 -0.02185659  0.00000000    0.00315343  0.00000000    0.09453175  0.00000000

     Dynamical  Matrix in cartesian axes

     q = (   -0.583333333   0.166666667  -0.083333333 ) 

    1    1
  0.10906565  0.00000000   -0.04797888  0.00000000    0.02185659  0.00000000
 -0.04797888  0.00000000    0.09512440  0.00000000    0.00315343  0.00000000
  0.02185659  0.00000000    0.00315343  0.00000000    0.09453175  0.00000000

     Dynamical  Matrix in cartesian axes

     q = (    0.583333333   0.166666667   0.083333333 ) 

    1    1
  0.10906565  0.00000000    0.04797888  0.00000000    0.02185659  0.00000000
  0.04797888  0.00000000    0.09512440  0.00000000   -0.00315343  0.00000000
  0.02185659  0.00000000   -0.00315343  0.00000000    0.09453175  0.00000000

     Dynamical  Matrix in cartesian axes

     q = (   -0.166666667   0.583333333  -0.083333333 ) 

    1    1
  0.09512440  0.00000000   -0.04797888  0.00000000   -0.00315343  0.00000000
 -0.04797888  0.00000000    0.10906565  0.00000000   -0.02185659  0.00000000
 -0.00315343  0.00000000   -0.02185659  0.00000000    0.09453175  0.00000000

     Dynamical  Matrix in cartesian axes

     q = (    0.166666667   0.083333333   0.583333333 ) 

    1    1
  0.09512440  0.00000000   -0.00315343  0.00000000    0.04797888  0.00000000
 -0.00315343  0.00000000    0.09453175  0.00000000    0.02185659  0.00000000
  0.04797888  0.00000000    0.02185659  0.00000000    0.10906565  0.00000000

     Dynamical  Matrix in cartesian axes

     q = (    0.083333333  -0.583333333  -0.166666667 ) 

    1    1
  0.09453175  0.00000000   -0.02185659  0.00000000    0.00315343  0.00000000
 -0.02185659  0.00000000    0.10906565  0.00000000    0.04797888  0.00000000
  0.00315343  0.00000000    0.04797888  0.00000000    0.09512440  0.00000000

     Dynamical  Matrix in cartesian axes

     q = (    0.083333333   0.583333333   0.166666667 ) 

    1    1
  0.09453175  0.00000000    0.02185659  0.00000000   -0.00315343  0.00000000
  0.02185659  0.00000000    0.10906565  0.00000000    0.04797888  0.00000000
 -0.00315343  0.00000000    0.04797888  0.00000000    0.09512440  0.00000000

     Dynamical  Matrix in cartesian axes

     q = (    0.166666667   0.083333333  -0.583333333 ) 

    1    1
  0.09512440  0.00000000   -0.00315343  0.00000000   -0.04797888  0.00000000
 -0.00315343  0.00000000    0.09453175  0.00000000   -0.02185659  0.00000000
 -0.04797888  0.00000000   -0.02185659  0.00000000    0.10906565  0.00000000

     Dynamical  Matrix in cartesian axes

     q = (   -0.083333333  -0.166666667  -0.583333333 ) 

    1    1
  0.09453175  0.00000000   -0.00315343  0.00000000    0.02185659  0.00000000
 -0.00315343  0.00000000    0.09512440  0.00000000    0.04797888  0.00000000
  0.02185659  0.00000000    0.04797888  0.00000000    0.10906565  0.00000000

     Dynamical  Matrix in cartesian axes

     q = (   -0.083333333   0.166666667  -0.583333333 ) 

    1    1
  0.09453175  0.00000000    0.00315343  0.00000000    0.02185659  0.00000000
  0.00315343  0.00000000    0.09512440  0.00000000   -0.04797888  0.00000000
  0.02185659  0.00000000   -0.04797888  0.00000000    0.10906565  0.00000000

     Dynamical  Matrix in cartesian axes

     q = (    0.583333333  -0.083333333  -0.166666667 ) 

    1    1
  0.10906565  0.00000000   -0.02185659  0.00000000   -0.04797888  0.00000000
 -0.02185659  0.00000000    0.09453175  0.00000000   -0.00315343  0.00000000
 -0.04797888  0.00000000   -0.00315343  0.00000000    0.09512440  0.00000000

     Dynamical  Matrix in cartesian axes

     q = (   -0.083333333   0.583333333   0.166666667 ) 

    1    1
  0.09453175  0.00000000   -0.02185659  0.00000000    0.00315343  0.00000000
 -0.02185659  0.00000000    0.10906565  0.00000000    0.04797888  0.00000000
  0.00315343  0.00000000    0.04797888  0.00000000    0.09512440  0.00000000

     Dynamical  Matrix in cartesian axes

     q = (    0.583333333  -0.166666667  -0.083333333 ) 

    1    1
  0.10906565  0.00000000   -0.04797888  0.00000000   -0.02185659  0.00000000
 -0.04797888  0.00000000    0.09512440  0.00000000   -0.00315343  0.00000000
 -0.02185659  0.00000000   -0.00315343  0.00000000    0.09453175  0.00000000

     Dynamical  Matrix in cartesian axes

     q = (   -0.083333333  -0.583333333  -0.166666667 ) 

    1    1
  0.09453175  0.00000000    0.02185659  0.00000000   -0.00315343  0.00000000
  0.02185659  0.00000000    0.10906565  0.00000000    0.04797888  0.00000000
 -0.00315343  0.00000000    0.04797888  0.00000000    0.09512440  0.00000000

     Dynamical  Matrix in cartesian axes

     q = (    0.083333333  -0.583333333   0.166666667 ) 

    1    1
  0.09453175  0.00000000   -0.02185659  0.00000000   -0.00315343  0.00000000
 -0.02185659  0.00000000    0.10906565  0.00000000   -0.04797888  0.00000000
 -0.00315343  0.00000000   -0.04797888  0.00000000    0.09512440  0.00000000

     Dynamical  Matrix in cartesian axes

     q = (    0.166666667   0.583333333   0.083333333 ) 

    1    1
  0.09512440  0.00000000    0.04797888  0.00000000   -0.00315343  0.00000000
  0.04797888  0.00000000    0.10906565  0.00000000    0.02185659  0.00000000
 -0.00315343  0.00000000    0.02185659  0.00000000    0.09453175  0.00000000

     Dynamical  Matrix in cartesian axes

     q = (    0.083333333   0.166666667  -0.583333333 ) 

    1    1
  0.09453175  0.00000000   -0.00315343  0.00000000   -0.02185659  0.00000000
 -0.00315343  0.00000000    0.09512440  0.00000000   -0.04797888  0.00000000
 -0.02185659  0.00000000   -0.04797888  0.00000000    0.10906565  0.00000000

     Dynamical  Matrix in cartesian axes

     q = (   -0.166666667  -0.583333333   0.083333333 ) 

    1    1
  0.09512440  0.00000000    0.04797888  0.00000000    0.00315343  0.00000000
  0.04797888  0.00000000    0.10906565  0.00000000   -0.02185659  0.00000000
  0.00315343  0.00000000   -0.02185659  0.00000000    0.09453175  0.00000000

     Dynamical  Matrix in cartesian axes

     q = (    0.583333333   0.166666667  -0.083333333 ) 

    1    1
  0.10906565  0.00000000    0.04797888  0.00000000   -0.02185659  0.00000000
  0.04797888  0.00000000    0.09512440  0.00000000    0.00315343  0.00000000
 -0.02185659  0.00000000    0.00315343  0.00000000    0.09453175  0.00000000

     Dynamical  Matrix in cartesian axes

     q = (   -0.583333333   0.166666667   0.083333333 ) 

    1    1
  0.10906565  0.00000000   -0.04797888  0.00000000   -0.02185659  0.00000000
 -0.04797888  0.00000000    0.09512440  0.00000000   -0.00315343  0.00000000
 -0.02185659  0.00000000   -0.00315343  0.00000000    0.09453175  0.00000000

     Dynamical  Matrix in cartesian axes

     q = (    0.583333333  -0.166666667   0.083333333 ) 

    1    1
  0.10906565  0.00000000   -0.04797888  0.00000000    0.02185659  0.00000000
 -0.04797888  0.00000000    0.09512440  0.00000000    0.00315343  0.00000000
  0.02185659  0.00000000    0.00315343  0.00000000    0.09453175  0.00000000

     Dynamical  Matrix in cartesian axes

     q = (   -0.583333333  -0.166666667  -0.083333333 ) 

    1    1
  0.10906565  0.00000000    0.04797888  0.00000000    0.02185659  0.00000000
  0.04797888  0.00000000    0.09512440  0.00000000   -0.00315343  0.00000000
  0.02185659  0.00000000   -0.00315343  0.00000000    0.09453175  0.00000000

     Dynamical  Matrix in cartesian axes

     q = (   -0.166666667  -0.083333333  -0.583333333 ) 

    1    1
  0.09512440  0.00000000   -0.00315343  0.00000000    0.04797888  0.00000000
 -0.00315343  0.00000000    0.09453175  0.00000000    0.02185659  0.00000000
  0.04797888  0.00000000    0.02185659  0.00000000    0.10906565  0.00000000

     Dynamical  Matrix in cartesian axes

     q = (    0.166666667  -0.583333333   0.083333333 ) 

    1    1
  0.09512440  0.00000000   -0.04797888  0.00000000   -0.00315343  0.00000000
 -0.04797888  0.00000000    0.10906565  0.00000000   -0.02185659  0.00000000
 -0.00315343  0.00000000   -0.02185659  0.00000000    0.09453175  0.00000000

     Dynamical  Matrix in cartesian axes

     q = (   -0.166666667  -0.583333333  -0.083333333 ) 

    1    1
  0.09512440  0.00000000    0.04797888  0.00000000   -0.00315343  0.00000000
  0.04797888  0.00000000    0.10906565  0.00000000    0.02185659  0.00000000
 -0.00315343  0.00000000    0.02185659  0.00000000    0.09453175  0.00000000

     Dynamical  Matrix in cartesian axes

     q = (    0.166666667   0.583333333  -0.083333333 ) 

    1    1
  0.09512440  0.00000000    0.04797888  0.00000000    0.00315343  0.00000000
  0.04797888  0.00000000    0.10906565  0.00000000   -0.02185659  0.00000000
  0.00315343  0.00000000   -0.02185659  0.00000000    0.09453175  0.00000000

     Dynamical  Matrix in cartesian axes

     q = (   -0.166666667   0.583333333   0.083333333 ) 

    1    1
  0.09512440  0.00000000   -0.04797888  0.00000000    0.00315343  0.00000000
 -0.04797888  0.00000000    0.10906565  0.00000000    0.02185659  0.00000000
  0.00315343  0.00000000    0.02185659  0.00000000    0.09453175  0.00000000

     Dynamical  Matrix in cartesian axes

     q = (   -0.583333333   0.083333333   0.166666667 ) 

    1    1
  0.10906565  0.00000000   -0.02185659  0.00000000   -0.04797888  0.00000000
 -0.02185659  0.00000000    0.09453175  0.00000000   -0.00315343  0.00000000
 -0.04797888  0.00000000   -0.00315343  0.00000000    0.09512440  0.00000000

     Dynamical  Matrix in cartesian axes

     q = (   -0.583333333  -0.083333333  -0.166666667 ) 

    1    1
  0.10906565  0.00000000    0.02185659  0.00000000    0.04797888  0.00000000
  0.02185659  0.00000000    0.09453175  0.00000000   -0.00315343  0.00000000
  0.04797888  0.00000000   -0.00315343  0.00000000    0.09512440  0.00000000

     Dynamical  Matrix in cartesian axes

     q = (    0.583333333  -0.083333333   0.166666667 ) 

    1    1
  0.10906565  0.00000000   -0.02185659  0.00000000    0.04797888  0.00000000
 -0.02185659  0.00000000    0.09453175  0.00000000    0.00315343  0.00000000
  0.04797888  0.00000000    0.00315343  0.00000000    0.09512440  0.00000000

     Dynamical  Matrix in cartesian axes

     q = (    0.583333333   0.083333333  -0.166666667 ) 

    1    1
  0.10906565  0.00000000    0.02185659  0.00000000   -0.04797888  0.00000000
  0.02185659  0.00000000    0.09453175  0.00000000    0.00315343  0.00000000
 -0.04797888  0.00000000    0.00315343  0.00000000    0.09512440  0.00000000

     Diagonalizing the dynamical matrix

     q = (   -0.083333333  -0.166666667   0.583333333 ) 

 **************************************************************************
     freq (    1) =       4.569010 [THz] =     152.405762 [cm-1]
 (  0.346788 -0.000000  0.676527 -0.000000  0.649653  0.000000 ) 
     freq (    2) =       6.534881 [THz] =     217.980150 [cm-1]
 (  0.905119  0.000000 -0.423015  0.000000 -0.042642  0.000000 ) 
     freq (    3) =       8.239252 [THz] =     274.831862 [cm-1]
 ( -0.245965  0.000000 -0.602801  0.000000  0.759034  0.000000 ) 
 **************************************************************************
