Dynamical matrix file
                                                                           
  1    1  3  6.1240000  0.0000000  0.0000000  0.0000000  0.0000000  0.0000000
           1  'Al  '    24592.588541212976     
    1    1      0.0000000000      0.0000000000      0.0000000000

     Dynamical  Matrix in cartesian axes

     q = (   -0.166666667   0.666666667  -0.500000000 ) 

    1    1
  0.07767525  0.00000000    0.00262161  0.00000000   -0.02641547  0.00000000
  0.00262161  0.00000000    0.07918050  0.00000000   -0.08023122  0.00000000
 -0.02641547  0.00000000   -0.08023122  0.00000000    0.08248510  0.00000000

     Dynamical  Matrix in cartesian axes

     q = (    0.666666667  -0.166666667  -0.500000000 ) 

    1    1
  0.07918050  0.00000000    0.00262161  0.00000000   -0.08023122  0.00000000
  0.00262161  0.00000000    0.07767525  0.00000000   -0.02641547  0.00000000
 -0.08023122  0.00000000   -0.02641547  0.00000000    0.08248510  0.00000000

     Dynamical  Matrix in cartesian axes

     q = (    0.166666667   0.500000000  -0.666666667 ) 

    1    1
  0.07767525  0.00000000   -0.02641547  0.00000000    0.00262161  0.00000000
 -0.02641547  0.00000000    0.08248510  0.00000000   -0.08023122  0.00000000
  0.00262161  0.00000000   -0.08023122  0.00000000    0.07918050  0.00000000

     Dynamical  Matrix in cartesian axes

     q = (   -0.166666667   0.500000000  -0.666666667 ) 

    1    1
  0.07767525  0.00000000    0.02641547  0.00000000   -0.00262161  0.00000000
  0.02641547  0.00000000    0.08248510  0.00000000   -0.08023122  0.00000000
 -0.00262161  0.00000000   -0.08023122  0.00000000    0.07918050  0.00000000

     Dynamical  Matrix in cartesian axes

     q = (   -0.166666667  -0.666666667   0.500000000 ) 

    1    1
  0.07767525  0.00000000   -0.00262161  0.00000000    0.02641547  0.00000000
 -0.00262161  0.00000000    0.07918050  0.00000000   -0.08023122  0.00000000
  0.02641547  0.00000000   -0.08023122  0.00000000    0.08248510  0.00000000

     Dynamical  Matrix in cartesian axes

     q = (   -0.166666667  -0.500000000   0.666666667 ) 

    1    1
  0.07767525  0.00000000   -0.02641547  0.00000000    0.00262161  0.00000000
 -0.02641547  0.00000000    0.08248510  0.00000000   -0.08023122  0.00000000
  0.00262161  0.00000000   -0.08023122  0.00000000    0.07918050  0.00000000

     Dynamical  Matrix in cartesian axes

     q = (    0.166666667  -0.500000000   0.666666667 ) 

    1    1
  0.07767525  0.00000000    0.02641547  0.00000000   -0.00262161  0.00000000
  0.02641547  0.00000000    0.08248510  0.00000000   -0.08023122  0.00000000
 -0.00262161  0.00000000   -0.08023122  0.00000000    0.07918050  0.00000000

     Dynamical  Matrix in cartesian axes

     q = (    0.166666667  -0.666666667   0.500000000 ) 

    1    1
  0.07767525  0.00000000    0.00262161  0.00000000   -0.02641547  0.00000000
  0.00262161  0.00000000    0.07918050  0.00000000   -0.08023122  0.00000000
 -0.02641547  0.00000000   -0.08023122  0.00000000    0.08248510  0.00000000

     Dynamical  Matrix in cartesian axes

     q = (   -0.666666667   0.500000000  -0.166666667 ) 

    1    1
  0.07918050  0.00000000   -0.08023122  0.00000000   -0.00262161  0.00000000
 -0.08023122  0.00000000    0.08248510  0.00000000    0.02641547  0.00000000
 -0.00262161  0.00000000    0.02641547  0.00000000    0.07767525  0.00000000

     Dynamical  Matrix in cartesian axes

     q = (   -0.666666667  -0.500000000   0.166666667 ) 

    1    1
  0.07918050  0.00000000    0.08023122  0.00000000    0.00262161  0.00000000
  0.08023122  0.00000000    0.08248510  0.00000000    0.02641547  0.00000000
  0.00262161  0.00000000    0.02641547  0.00000000    0.07767525  0.00000000

     Dynamical  Matrix in cartesian axes

     q = (   -0.500000000   0.166666667  -0.666666667 ) 

    1    1
  0.08248510  0.00000000    0.02641547  0.00000000    0.08023122  0.00000000
  0.02641547  0.00000000    0.07767525  0.00000000    0.00262161  0.00000000
  0.08023122  0.00000000    0.00262161  0.00000000    0.07918050  0.00000000

     Dynamical  Matrix in cartesian axes

     q = (   -0.166666667  -0.666666667  -0.500000000 ) 

    1    1
  0.07767525  0.00000000   -0.00262161  0.00000000   -0.02641547  0.00000000
 -0.00262161  0.00000000    0.07918050  0.00000000    0.08023122  0.00000000
 -0.02641547  0.00000000    0.08023122  0.00000000    0.08248510  0.00000000

     Dynamical  Matrix in cartesian axes

     q = (    0.500000000  -0.166666667  -0.666666667 ) 

    1    1
  0.08248510  0.00000000    0.02641547  0.00000000   -0.08023122  0.00000000
  0.02641547  0.00000000    0.07767525  0.00000000   -0.00262161  0.00000000
 -0.08023122  0.00000000   -0.00262161  0.00000000    0.07918050  0.00000000

     Dynamical  Matrix in cartesian axes

     q = (    0.166666667   0.666666667   0.500000000 ) 

    1    1
  0.07767525  0.00000000   -0.00262161  0.00000000   -0.02641547  0.00000000
 -0.00262161  0.00000000    0.07918050  0.00000000    0.08023122  0.00000000
 -0.02641547  0.00000000    0.08023122  0.00000000    0.08248510  0.00000000

     Dynamical  Matrix in cartesian axes

     q = (    0.666666667  -0.500000000  -0.166666667 ) 

    1    1
  0.07918050  0.00000000   -0.08023122  0.00000000    0.00262161  0.00000000
 -0.08023122  0.00000000    0.08248510  0.00000000   -0.02641547  0.00000000
  0.00262161  0.00000000   -0.02641547  0.00000000    0.07767525  0.00000000

     Dynamical  Matrix in cartesian axes

     q = (   -0.666666667  -0.166666667   0.500000000 ) 

    1    1
  0.07918050  0.00000000   -0.00262161  0.00000000   -0.08023122  0.00000000
 -0.00262161  0.00000000    0.07767525  0.00000000    0.02641547  0.00000000
 -0.08023122  0.00000000    0.02641547  0.00000000    0.08248510  0.00000000

     Dynamical  Matrix in cartesian axes

     q = (    0.666666667   0.166666667   0.500000000 ) 

    1    1
  0.07918050  0.00000000   -0.00262161  0.00000000    0.08023122  0.00000000
 -0.00262161  0.00000000    0.07767525  0.00000000   -0.02641547  0.00000000
  0.08023122  0.00000000   -0.02641547  0.00000000    0.08248510  0.00000000

     Dynamical  Matrix in cartesian axes

     q = (    0.500000000   0.166666667   0.666666667 ) 

    1    1
  0.08248510  0.00000000   -0.02641547  0.00000000    0.08023122  0.00000000
 -0.02641547  0.00000000    0.07767525  0.00000000   -0.00262161  0.00000000
  0.08023122  0.00000000   -0.00262161  0.00000000    0.07918050  0.00000000

     Dynamical  Matrix in cartesian axes

     q = (    0.500000000  -0.666666667  -0.166666667 ) 

    1    1
  0.08248510  0.00000000   -0.08023122  0.00000000    0.02641547  0.00000000
 -0.08023122  0.00000000    0.07918050  0.00000000   -0.00262161  0.00000000
  0.02641547  0.00000000   -0.00262161  0.00000000    0.07767525  0.00000000

     Dynamical  Matrix in cartesian axes

     q = (   -0.500000000  -0.666666667   0.166666667 ) 

    1    1
  0.08248510  0.00000000    0.08023122  0.00000000    0.02641547  0.00000000
  0.08023122  0.00000000    0.07918050  0.00000000    0.00262161  0.00000000
  0.02641547  0.00000000    0.00262161  0.00000000    0.07767525  0.00000000

     Dynamical  Matrix in cartesian axes

     q = (    0.166666667   0.666666667  -0.500000000 ) 

    1    1
  0.07767525  0.00000000   -0.00262161  0.00000000    0.02641547  0.00000000
 -0.00262161  0.00000000    0.07918050  0.00000000   -0.08023122  0.00000000
  0.02641547  0.00000000   -0.08023122  0.00000000    0.08248510  0.00000000

     Dynamical  Matrix in cartesian axes

     q = (    0.500000000   0.666666667   0.166666667 ) 

    1    1
  0.08248510  0.00000000    0.08023122  0.00000000   -0.02641547  0.00000000
  0.08023122  0.00000000    0.07918050  0.00000000   -0.00262161  0.00000000
 -0.02641547  0.00000000   -0.00262161  0.00000000    0.07767525  0.00000000

     Dynamical  Matrix in cartesian axes

     q = (    0.166666667   0.500000000   0.666666667 ) 

    1    1
  0.07767525  0.00000000   -0.02641547  0.00000000   -0.00262161  0.00000000
 -0.02641547  0.00000000    0.08248510  0.00000000    0.08023122  0.00000000
 -0.00262161  0.00000000    0.08023122  0.00000000    0.07918050  0.00000000

     Dynamical  Matrix in cartesian axes

     q = (    0.166666667  -0.500000000  -0.666666667 ) 

    1    1
  0.07767525  0.00000000    0.02641547  0.00000000    0.00262161  0.00000000
  0.02641547  0.00000000    0.08248510  0.00000000    0.08023122  0.00000000
  0.00262161  0.00000000    0.08023122  0.00000000    0.07918050  0.00000000

     Dynamical  Matrix in cartesian axes

     q = (   -0.666666667   0.166666667   0.500000000 ) 

    1    1
  0.07918050  0.00000000    0.00262161  0.00000000   -0.08023122  0.00000000
  0.00262161  0.00000000    0.07767525  0.00000000   -0.02641547  0.00000000
 -0.08023122  0.00000000   -0.02641547  0.00000000    0.08248510  0.00000000

     Dynamical  Matrix in cartesian axes

     q = (   -0.166666667   0.666666667   0.500000000 ) 

    1    1
  0.07767525  0.00000000    0.00262161  0.00000000    0.02641547  0.00000000
  0.00262161  0.00000000    0.07918050  0.00000000    0.08023122  0.00000000
  0.02641547  0.00000000    0.08023122  0.00000000    0.08248510  0.00000000

     Dynamical  Matrix in cartesian axes

     q = (   -0.500000000  -0.166666667   0.666666667 ) 

    1    1
  0.08248510  0.00000000   -0.02641547  0.00000000   -0.08023122  0.00000000
 -0.02641547  0.00000000    0.07767525  0.00000000    0.00262161  0.00000000
 -0.08023122  0.00000000    0.00262161  0.00000000    0.07918050  0.00000000

     Dynamical  Matrix in cartesian axes

     q = (   -0.666666667  -0.166666667  -0.500000000 ) 

    1    1
  0.07918050  0.00000000   -0.00262161  0.00000000    0.08023122  0.00000000
 -0.00262161  0.00000000    0.07767525  0.00000000   -0.02641547  0.00000000
  0.08023122  0.00000000   -0.02641547  0.00000000    0.08248510  0.00000000

     Dynamical  Matrix in cartesian axes

     q = (   -0.166666667  -0.500000000  -0.666666667 ) 

    1    1
  0.07767525  0.00000000   -0.02641547  0.00000000   -0.00262161  0.00000000
 -0.02641547  0.00000000    0.08248510  0.00000000    0.08023122  0.00000000
 -0.00262161  0.00000000    0.08023122  0.00000000    0.07918050  0.00000000

     Dynamical  Matrix in cartesian axes

     q = (    0.666666667   0.166666667  -0.500000000 ) 

    1    1
  0.07918050  0.00000000   -0.00262161  0.00000000   -0.08023122  0.00000000
 -0.00262161  0.00000000    0.07767525  0.00000000    0.02641547  0.00000000
 -0.08023122  0.00000000    0.02641547  0.00000000    0.08248510  0.00000000

     Dynamical  Matrix in cartesian axes

     q = (   -0.166666667   0.500000000   0.666666667 ) 

    1    1
  0.07767525  0.00000000    0.02641547  0.00000000    0.00262161  0.00000000
  0.02641547  0.00000000    0.08248510  0.00000000    0.08023122  0.00000000
  0.00262161  0.00000000    0.08023122  0.00000000    0.07918050  0.00000000

     Dynamical  Matrix in cartesian axes

     q = (   -0.500000000   0.666666667  -0.166666667 ) 

    1    1
  0.08248510  0.00000000   -0.08023122  0.00000000   -0.02641547  0.00000000
 -0.08023122  0.00000000    0.07918050  0.00000000    0.00262161  0.00000000
 -0.02641547  0.00000000    0.00262161  0.00000000    0.07767525  0.00000000

     Dynamical  Matrix in cartesian axes

     q = (    0.166666667  -0.666666667  -0.500000000 ) 

    1    1
  0.07767525  0.00000000    0.00262161  0.00000000    0.02641547  0.00000000
  0.00262161  0.00000000    0.07918050  0.00000000    0.08023122  0.00000000
  0.02641547  0.00000000    0.08023122  0.00000000    0.08248510  0.00000000

     Dynamical  Matrix in cartesian axes

     q = (   -0.666666667   0.166666667  -0.500000000 ) 

    1    1
  0.07918050  0.00000000    0.00262161  0.00000000    0.08023122  0.00000000
  0.00262161  0.00000000    0.07767525  0.00000000    0.02641547  0.00000000
  0.08023122  0.00000000    0.02641547  0.00000000    0.08248510  0.00000000

     Dynamical  Matrix in cartesian axes

     q = (    0.666666667   0.500000000   0.166666667 ) 

    1    1
  0.07918050  0.00000000    0.08023122  0.00000000   -0.00262161  0.00000000
  0.08023122  0.00000000    0.08248510  0.00000000   -0.02641547  0.00000000
 -0.00262161  0.00000000   -0.02641547  0.00000000    0.07767525  0.00000000

     Dynamical  Matrix in cartesian axes

     q = (   -0.500000000  -0.666666667  -0.166666667 ) 

    1    1
  0.08248510  0.00000000    0.08023122  0.00000000   -0.02641547  0.00000000
  0.08023122  0.00000000    0.07918050  0.00000000   -0.00262161  0.00000000
 -0.02641547  0.00000000   -0.00262161  0.00000000    0.07767525  0.00000000

     Dynamical  Matrix in cartesian axes

     q = (    0.500000000  -0.666666667   0.166666667 ) 

    1    1
  0.08248510  0.00000000   -0.08023122  0.00000000   -0.02641547  0.00000000
 -0.08023122  0.00000000    0.07918050  0.00000000    0.00262161  0.00000000
 -0.02641547  0.00000000    0.00262161  0.00000000    0.07767525  0.00000000

     Dynamical  Matrix in cartesian axes

     q = (   -0.500000000   0.666666667   0.166666667 ) 

    1    1
  0.08248510  0.00000000   -0.08023122  0.00000000    0.02641547  0.00000000
 -0.08023122  0.00000000    0.07918050  0.00000000   -0.00262161  0.00000000
  0.02641547  0.00000000   -0.00262161  0.00000000    0.07767525  0.00000000

     Dynamical  Matrix in cartesian axes

     q = (    0.500000000   0.666666667  -0.166666667 ) 

    1    1
  0.08248510  0.00000000    0.08023122  0.00000000    0.02641547  0.00000000
  0.08023122  0.00000000    0.07918050  0.00000000    0.00262161  0.00000000
  0.02641547  0.00000000    0.00262161  0.00000000    0.07767525  0.00000000

     Dynamical  Matrix in cartesian axes

     q = (    0.666666667  -0.166666667   0.500000000 ) 

    1    1
  0.07918050  0.00000000    0.00262161  0.00000000    0.08023122  0.00000000
  0.00262161  0.00000000    0.07767525  0.00000000    0.02641547  0.00000000
  0.08023122  0.00000000    0.02641547  0.00000000    0.08248510  0.00000000

     Dynamical  Matrix in cartesian axes

     q = (   -0.666666667   0.500000000   0.166666667 ) 

    1    1
  0.07918050  0.00000000   -0.08023122  0.00000000    0.00262161  0.00000000
 -0.08023122  0.00000000    0.08248510  0.00000000   -0.02641547  0.00000000
  0.00262161  0.00000000   -0.02641547  0.00000000    0.07767525  0.00000000

     Dynamical  Matrix in cartesian axes

     q = (    0.666666667   0.500000000  -0.166666667 ) 

    1    1
  0.07918050  0.00000000    0.08023122  0.00000000    0.00262161  0.00000000
  0.08023122  0.00000000    0.08248510  0.00000000    0.02641547  0.00000000
  0.00262161  0.00000000    0.02641547  0.00000000    0.07767525  0.00000000

     Dynamical  Matrix in cartesian axes

     q = (   -0.666666667  -0.500000000  -0.166666667 ) 

    1    1
  0.07918050  0.00000000    0.08023122  0.00000000   -0.00262161  0.00000000
  0.08023122  0.00000000    0.08248510  0.00000000   -0.02641547  0.00000000
 -0.00262161  0.00000000   -0.02641547  0.00000000    0.07767525  0.00000000

     Dynamical  Matrix in cartesian axes

     q = (    0.666666667  -0.500000000   0.166666667 ) 

    1    1
  0.07918050  0.00000000   -0.08023122  0.00000000   -0.00262161  0.00000000
 -0.08023122  0.00000000    0.08248510  0.00000000    0.02641547  0.00000000
 -0.00262161  0.00000000    0.02641547  0.00000000    0.07767525  0.00000000

     Dynamical  Matrix in cartesian axes

     q = (    0.500000000   0.166666667  -0.666666667 ) 

    1    1
  0.08248510  0.00000000   -0.02641547  0.00000000   -0.08023122  0.00000000
 -0.02641547  0.00000000    0.07767525  0.00000000    0.00262161  0.00000000
 -0.08023122  0.00000000    0.00262161  0.00000000    0.07918050  0.00000000

     Dynamical  Matrix in cartesian axes

     q = (    0.500000000  -0.166666667   0.666666667 ) 

    1    1
  0.08248510  0.00000000    0.02641547  0.00000000    0.08023122  0.00000000
  0.02641547  0.00000000    0.07767525  0.00000000    0.00262161  0.00000000
  0.08023122  0.00000000    0.00262161  0.00000000    0.07918050  0.00000000

     Dynamical  Matrix in cartesian axes

     q = (   -0.500000000  -0.166666667  -0.666666667 ) 

    1    1
  0.08248510  0.00000000   -0.02641547  0.00000000    0.08023122  0.00000000
 -0.02641547  0.00000000    0.07767525  0.00000000   -0.00262161  0.00000000
  0.08023122  0.00000000   -0.00262161  0.00000000    0.07918050  0.00000000

     Dynamical  Matrix in cartesian axes

     q = (   -0.500000000   0.166666667   0.666666667 ) 

    1    1
  0.08248510  0.00000000    0.02641547  0.00000000   -0.08023122  0.00000000
  0.02641547  0.00000000    0.07767525  0.00000000   -0.00262161  0.00000000
 -0.08023122  0.00000000   -0.00262161  0.00000000    0.07918050  0.00000000

     Diagonalizing the dynamical matrix

     q = (   -0.166666667   0.666666667  -0.500000000 ) 

 **************************************************************************
     freq (    1) =      -1.139982 [THz] =     -38.025691 [cm-1]
 (  0.208199 -0.000000  0.680053 -0.000000  0.702980  0.000000 ) 
     freq (    2) =       5.793519 [THz] =     193.250989 [cm-1]
 (  0.950111  0.000000 -0.311286  0.000000  0.019743  0.000000 ) 
     freq (    3) =       8.547939 [THz] =     285.128555 [cm-1]
 ( -0.232254  0.000000 -0.663798  0.000000  0.710936  0.000000 ) 
 **************************************************************************
