Dynamical matrix file
                                                                           
  1    1  3  6.1240000  0.0000000  0.0000000  0.0000000  0.0000000  0.0000000
           1  'Al  '    24592.588541212976     
    1    1      0.0000000000      0.0000000000      0.0000000000

     Dynamical  Matrix in cartesian axes

     q = (   -0.166666667  -0.250000000   0.416666667 ) 

    1    1
  0.06363787  0.00000000    0.01097213  0.00000000   -0.03702837  0.00000000
  0.01097213  0.00000000    0.06433042  0.00000000   -0.06401127  0.00000000
 -0.03702837  0.00000000   -0.06401127  0.00000000    0.07085640  0.00000000

     Dynamical  Matrix in cartesian axes

     q = (   -0.250000000  -0.166666667   0.416666667 ) 

    1    1
  0.06433042  0.00000000    0.01097213  0.00000000   -0.06401127  0.00000000
  0.01097213  0.00000000    0.06363787  0.00000000   -0.03702837  0.00000000
 -0.06401127  0.00000000   -0.03702837  0.00000000    0.07085640  0.00000000

     Dynamical  Matrix in cartesian axes

     q = (    0.166666667  -0.416666667   0.250000000 ) 

    1    1
  0.06363787  0.00000000   -0.03702837  0.00000000    0.01097213  0.00000000
 -0.03702837  0.00000000    0.07085640  0.00000000   -0.06401127  0.00000000
  0.01097213  0.00000000   -0.06401127  0.00000000    0.06433042  0.00000000

     Dynamical  Matrix in cartesian axes

     q = (   -0.166666667  -0.416666667   0.250000000 ) 

    1    1
  0.06363787  0.00000000    0.03702837  0.00000000   -0.01097213  0.00000000
  0.03702837  0.00000000    0.07085640  0.00000000   -0.06401127  0.00000000
 -0.01097213  0.00000000   -0.06401127  0.00000000    0.06433042  0.00000000

     Dynamical  Matrix in cartesian axes

     q = (   -0.166666667   0.250000000  -0.416666667 ) 

    1    1
  0.06363787  0.00000000   -0.01097213  0.00000000    0.03702837  0.00000000
 -0.01097213  0.00000000    0.06433042  0.00000000   -0.06401127  0.00000000
  0.03702837  0.00000000   -0.06401127  0.00000000    0.07085640  0.00000000

     Dynamical  Matrix in cartesian axes

     q = (   -0.166666667   0.416666667  -0.250000000 ) 

    1    1
  0.06363787  0.00000000   -0.03702837  0.00000000    0.01097213  0.00000000
 -0.03702837  0.00000000    0.07085640  0.00000000   -0.06401127  0.00000000
  0.01097213  0.00000000   -0.06401127  0.00000000    0.06433042  0.00000000

     Dynamical  Matrix in cartesian axes

     q = (    0.166666667   0.416666667  -0.250000000 ) 

    1    1
  0.06363787  0.00000000    0.03702837  0.00000000   -0.01097213  0.00000000
  0.03702837  0.00000000    0.07085640  0.00000000   -0.06401127  0.00000000
 -0.01097213  0.00000000   -0.06401127  0.00000000    0.06433042  0.00000000

     Dynamical  Matrix in cartesian axes

     q = (    0.166666667   0.250000000  -0.416666667 ) 

    1    1
  0.06363787  0.00000000    0.01097213  0.00000000   -0.03702837  0.00000000
  0.01097213  0.00000000    0.06433042  0.00000000   -0.06401127  0.00000000
 -0.03702837  0.00000000   -0.06401127  0.00000000    0.07085640  0.00000000

     Dynamical  Matrix in cartesian axes

     q = (    0.250000000  -0.416666667  -0.166666667 ) 

    1    1
  0.06433042  0.00000000   -0.06401127  0.00000000   -0.01097213  0.00000000
 -0.06401127  0.00000000    0.07085640  0.00000000    0.03702837  0.00000000
 -0.01097213  0.00000000    0.03702837  0.00000000    0.06363787  0.00000000

     Dynamical  Matrix in cartesian axes

     q = (    0.250000000   0.416666667   0.166666667 ) 

    1    1
  0.06433042  0.00000000    0.06401127  0.00000000    0.01097213  0.00000000
  0.06401127  0.00000000    0.07085640  0.00000000    0.03702837  0.00000000
  0.01097213  0.00000000    0.03702837  0.00000000    0.06363787  0.00000000

     Dynamical  Matrix in cartesian axes

     q = (    0.416666667   0.166666667   0.250000000 ) 

    1    1
  0.07085640  0.00000000    0.03702837  0.00000000    0.06401127  0.00000000
  0.03702837  0.00000000    0.06363787  0.00000000    0.01097213  0.00000000
  0.06401127  0.00000000    0.01097213  0.00000000    0.06433042  0.00000000

     Dynamical  Matrix in cartesian axes

     q = (   -0.166666667   0.250000000   0.416666667 ) 

    1    1
  0.06363787  0.00000000   -0.01097213  0.00000000   -0.03702837  0.00000000
 -0.01097213  0.00000000    0.06433042  0.00000000    0.06401127  0.00000000
 -0.03702837  0.00000000    0.06401127  0.00000000    0.07085640  0.00000000

     Dynamical  Matrix in cartesian axes

     q = (   -0.416666667  -0.166666667   0.250000000 ) 

    1    1
  0.07085640  0.00000000    0.03702837  0.00000000   -0.06401127  0.00000000
  0.03702837  0.00000000    0.06363787  0.00000000   -0.01097213  0.00000000
 -0.06401127  0.00000000   -0.01097213  0.00000000    0.06433042  0.00000000

     Dynamical  Matrix in cartesian axes

     q = (    0.166666667  -0.250000000  -0.416666667 ) 

    1    1
  0.06363787  0.00000000   -0.01097213  0.00000000   -0.03702837  0.00000000
 -0.01097213  0.00000000    0.06433042  0.00000000    0.06401127  0.00000000
 -0.03702837  0.00000000    0.06401127  0.00000000    0.07085640  0.00000000

     Dynamical  Matrix in cartesian axes

     q = (   -0.250000000   0.416666667  -0.166666667 ) 

    1    1
  0.06433042  0.00000000   -0.06401127  0.00000000    0.01097213  0.00000000
 -0.06401127  0.00000000    0.07085640  0.00000000   -0.03702837  0.00000000
  0.01097213  0.00000000   -0.03702837  0.00000000    0.06363787  0.00000000

     Dynamical  Matrix in cartesian axes

     q = (    0.250000000  -0.166666667  -0.416666667 ) 

    1    1
  0.06433042  0.00000000   -0.01097213  0.00000000   -0.06401127  0.00000000
 -0.01097213  0.00000000    0.06363787  0.00000000    0.03702837  0.00000000
 -0.06401127  0.00000000    0.03702837  0.00000000    0.07085640  0.00000000

     Dynamical  Matrix in cartesian axes

     q = (   -0.250000000   0.166666667  -0.416666667 ) 

    1    1
  0.06433042  0.00000000   -0.01097213  0.00000000    0.06401127  0.00000000
 -0.01097213  0.00000000    0.06363787  0.00000000   -0.03702837  0.00000000
  0.06401127  0.00000000   -0.03702837  0.00000000    0.07085640  0.00000000

     Dynamical  Matrix in cartesian axes

     q = (   -0.416666667   0.166666667  -0.250000000 ) 

    1    1
  0.07085640  0.00000000   -0.03702837  0.00000000    0.06401127  0.00000000
 -0.03702837  0.00000000    0.06363787  0.00000000   -0.01097213  0.00000000
  0.06401127  0.00000000   -0.01097213  0.00000000    0.06433042  0.00000000

     Dynamical  Matrix in cartesian axes

     q = (   -0.416666667   0.250000000  -0.166666667 ) 

    1    1
  0.07085640  0.00000000   -0.06401127  0.00000000    0.03702837  0.00000000
 -0.06401127  0.00000000    0.06433042  0.00000000   -0.01097213  0.00000000
  0.03702837  0.00000000   -0.01097213  0.00000000    0.06363787  0.00000000

     Dynamical  Matrix in cartesian axes

     q = (    0.416666667   0.250000000   0.166666667 ) 

    1    1
  0.07085640  0.00000000    0.06401127  0.00000000    0.03702837  0.00000000
  0.06401127  0.00000000    0.06433042  0.00000000    0.01097213  0.00000000
  0.03702837  0.00000000    0.01097213  0.00000000    0.06363787  0.00000000

     Dynamical  Matrix in cartesian axes

     q = (    0.166666667  -0.250000000   0.416666667 ) 

    1    1
  0.06363787  0.00000000   -0.01097213  0.00000000    0.03702837  0.00000000
 -0.01097213  0.00000000    0.06433042  0.00000000   -0.06401127  0.00000000
  0.03702837  0.00000000   -0.06401127  0.00000000    0.07085640  0.00000000

     Dynamical  Matrix in cartesian axes

     q = (   -0.416666667  -0.250000000   0.166666667 ) 

    1    1
  0.07085640  0.00000000    0.06401127  0.00000000   -0.03702837  0.00000000
  0.06401127  0.00000000    0.06433042  0.00000000   -0.01097213  0.00000000
 -0.03702837  0.00000000   -0.01097213  0.00000000    0.06363787  0.00000000

     Dynamical  Matrix in cartesian axes

     q = (    0.166666667  -0.416666667  -0.250000000 ) 

    1    1
  0.06363787  0.00000000   -0.03702837  0.00000000   -0.01097213  0.00000000
 -0.03702837  0.00000000    0.07085640  0.00000000    0.06401127  0.00000000
 -0.01097213  0.00000000    0.06401127  0.00000000    0.06433042  0.00000000

     Dynamical  Matrix in cartesian axes

     q = (    0.166666667   0.416666667   0.250000000 ) 

    1    1
  0.06363787  0.00000000    0.03702837  0.00000000    0.01097213  0.00000000
  0.03702837  0.00000000    0.07085640  0.00000000    0.06401127  0.00000000
  0.01097213  0.00000000    0.06401127  0.00000000    0.06433042  0.00000000

     Dynamical  Matrix in cartesian axes

     q = (    0.250000000   0.166666667  -0.416666667 ) 

    1    1
  0.06433042  0.00000000    0.01097213  0.00000000   -0.06401127  0.00000000
  0.01097213  0.00000000    0.06363787  0.00000000   -0.03702837  0.00000000
 -0.06401127  0.00000000   -0.03702837  0.00000000    0.07085640  0.00000000

     Dynamical  Matrix in cartesian axes

     q = (   -0.166666667  -0.250000000  -0.416666667 ) 

    1    1
  0.06363787  0.00000000    0.01097213  0.00000000    0.03702837  0.00000000
  0.01097213  0.00000000    0.06433042  0.00000000    0.06401127  0.00000000
  0.03702837  0.00000000    0.06401127  0.00000000    0.07085640  0.00000000

     Dynamical  Matrix in cartesian axes

     q = (    0.416666667  -0.166666667  -0.250000000 ) 

    1    1
  0.07085640  0.00000000   -0.03702837  0.00000000   -0.06401127  0.00000000
 -0.03702837  0.00000000    0.06363787  0.00000000    0.01097213  0.00000000
 -0.06401127  0.00000000    0.01097213  0.00000000    0.06433042  0.00000000

     Dynamical  Matrix in cartesian axes

     q = (    0.250000000  -0.166666667   0.416666667 ) 

    1    1
  0.06433042  0.00000000   -0.01097213  0.00000000    0.06401127  0.00000000
 -0.01097213  0.00000000    0.06363787  0.00000000   -0.03702837  0.00000000
  0.06401127  0.00000000   -0.03702837  0.00000000    0.07085640  0.00000000

     Dynamical  Matrix in cartesian axes

     q = (   -0.166666667   0.416666667   0.250000000 ) 

    1    1
  0.06363787  0.00000000   -0.03702837  0.00000000   -0.01097213  0.00000000
 -0.03702837  0.00000000    0.07085640  0.00000000    0.06401127  0.00000000
 -0.01097213  0.00000000    0.06401127  0.00000000    0.06433042  0.00000000

     Dynamical  Matrix in cartesian axes

     q = (   -0.250000000   0.166666667   0.416666667 ) 

    1    1
  0.06433042  0.00000000   -0.01097213  0.00000000   -0.06401127  0.00000000
 -0.01097213  0.00000000    0.06363787  0.00000000    0.03702837  0.00000000
 -0.06401127  0.00000000    0.03702837  0.00000000    0.07085640  0.00000000

     Dynamical  Matrix in cartesian axes

     q = (   -0.166666667  -0.416666667  -0.250000000 ) 

    1    1
  0.06363787  0.00000000    0.03702837  0.00000000    0.01097213  0.00000000
  0.03702837  0.00000000    0.07085640  0.00000000    0.06401127  0.00000000
  0.01097213  0.00000000    0.06401127  0.00000000    0.06433042  0.00000000

     Dynamical  Matrix in cartesian axes

     q = (    0.416666667  -0.250000000  -0.166666667 ) 

    1    1
  0.07085640  0.00000000   -0.06401127  0.00000000   -0.03702837  0.00000000
 -0.06401127  0.00000000    0.06433042  0.00000000    0.01097213  0.00000000
 -0.03702837  0.00000000    0.01097213  0.00000000    0.06363787  0.00000000

     Dynamical  Matrix in cartesian axes

     q = (    0.166666667   0.250000000   0.416666667 ) 

    1    1
  0.06363787  0.00000000    0.01097213  0.00000000    0.03702837  0.00000000
  0.01097213  0.00000000    0.06433042  0.00000000    0.06401127  0.00000000
  0.03702837  0.00000000    0.06401127  0.00000000    0.07085640  0.00000000

     Dynamical  Matrix in cartesian axes

     q = (    0.250000000   0.166666667   0.416666667 ) 

    1    1
  0.06433042  0.00000000    0.01097213  0.00000000    0.06401127  0.00000000
  0.01097213  0.00000000    0.06363787  0.00000000    0.03702837  0.00000000
  0.06401127  0.00000000    0.03702837  0.00000000    0.07085640  0.00000000

     Dynamical  Matrix in cartesian axes

     q = (   -0.250000000  -0.416666667   0.166666667 ) 

    1    1
  0.06433042  0.00000000    0.06401127  0.00000000   -0.01097213  0.00000000
  0.06401127  0.00000000    0.07085640  0.00000000   -0.03702837  0.00000000
 -0.01097213  0.00000000   -0.03702837  0.00000000    0.06363787  0.00000000

     Dynamical  Matrix in cartesian axes

     q = (    0.416666667   0.250000000  -0.166666667 ) 

    1    1
  0.07085640  0.00000000    0.06401127  0.00000000   -0.03702837  0.00000000
  0.06401127  0.00000000    0.06433042  0.00000000   -0.01097213  0.00000000
 -0.03702837  0.00000000   -0.01097213  0.00000000    0.06363787  0.00000000

     Dynamical  Matrix in cartesian axes

     q = (   -0.416666667   0.250000000   0.166666667 ) 

    1    1
  0.07085640  0.00000000   -0.06401127  0.00000000   -0.03702837  0.00000000
 -0.06401127  0.00000000    0.06433042  0.00000000    0.01097213  0.00000000
 -0.03702837  0.00000000    0.01097213  0.00000000    0.06363787  0.00000000

     Dynamical  Matrix in cartesian axes

     q = (    0.416666667  -0.250000000   0.166666667 ) 

    1    1
  0.07085640  0.00000000   -0.06401127  0.00000000    0.03702837  0.00000000
 -0.06401127  0.00000000    0.06433042  0.00000000   -0.01097213  0.00000000
  0.03702837  0.00000000   -0.01097213  0.00000000    0.06363787  0.00000000

     Dynamical  Matrix in cartesian axes

     q = (   -0.416666667  -0.250000000  -0.166666667 ) 

    1    1
  0.07085640  0.00000000    0.06401127  0.00000000    0.03702837  0.00000000
  0.06401127  0.00000000    0.06433042  0.00000000    0.01097213  0.00000000
  0.03702837  0.00000000    0.01097213  0.00000000    0.06363787  0.00000000

     Dynamical  Matrix in cartesian axes

     q = (   -0.250000000  -0.166666667  -0.416666667 ) 

    1    1
  0.06433042  0.00000000    0.01097213  0.00000000    0.06401127  0.00000000
  0.01097213  0.00000000    0.06363787  0.00000000    0.03702837  0.00000000
  0.06401127  0.00000000    0.03702837  0.00000000    0.07085640  0.00000000

     Dynamical  Matrix in cartesian axes

     q = (    0.250000000  -0.416666667   0.166666667 ) 

    1    1
  0.06433042  0.00000000   -0.06401127  0.00000000    0.01097213  0.00000000
 -0.06401127  0.00000000    0.07085640  0.00000000   -0.03702837  0.00000000
  0.01097213  0.00000000   -0.03702837  0.00000000    0.06363787  0.00000000

     Dynamical  Matrix in cartesian axes

     q = (   -0.250000000  -0.416666667  -0.166666667 ) 

    1    1
  0.06433042  0.00000000    0.06401127  0.00000000    0.01097213  0.00000000
  0.06401127  0.00000000    0.07085640  0.00000000    0.03702837  0.00000000
  0.01097213  0.00000000    0.03702837  0.00000000    0.06363787  0.00000000

     Dynamical  Matrix in cartesian axes

     q = (    0.250000000   0.416666667  -0.166666667 ) 

    1    1
  0.06433042  0.00000000    0.06401127  0.00000000   -0.01097213  0.00000000
  0.06401127  0.00000000    0.07085640  0.00000000   -0.03702837  0.00000000
 -0.01097213  0.00000000   -0.03702837  0.00000000    0.06363787  0.00000000

     Dynamical  Matrix in cartesian axes

     q = (   -0.250000000   0.416666667   0.166666667 ) 

    1    1
  0.06433042  0.00000000   -0.06401127  0.00000000   -0.01097213  0.00000000
 -0.06401127  0.00000000    0.07085640  0.00000000    0.03702837  0.00000000
 -0.01097213  0.00000000    0.03702837  0.00000000    0.06363787  0.00000000

     Dynamical  Matrix in cartesian axes

     q = (   -0.416666667   0.166666667   0.250000000 ) 

    1    1
  0.07085640  0.00000000   -0.03702837  0.00000000   -0.06401127  0.00000000
 -0.03702837  0.00000000    0.06363787  0.00000000    0.01097213  0.00000000
 -0.06401127  0.00000000    0.01097213  0.00000000    0.06433042  0.00000000

     Dynamical  Matrix in cartesian axes

     q = (   -0.416666667  -0.166666667  -0.250000000 ) 

    1    1
  0.07085640  0.00000000    0.03702837  0.00000000    0.06401127  0.00000000
  0.03702837  0.00000000    0.06363787  0.00000000    0.01097213  0.00000000
  0.06401127  0.00000000    0.01097213  0.00000000    0.06433042  0.00000000

     Dynamical  Matrix in cartesian axes

     q = (    0.416666667  -0.166666667   0.250000000 ) 

    1    1
  0.07085640  0.00000000   -0.03702837  0.00000000    0.06401127  0.00000000
 -0.03702837  0.00000000    0.06363787  0.00000000   -0.01097213  0.00000000
  0.06401127  0.00000000   -0.01097213  0.00000000    0.06433042  0.00000000

     Dynamical  Matrix in cartesian axes

     q = (    0.416666667   0.166666667  -0.250000000 ) 

    1    1
  0.07085640  0.00000000    0.03702837  0.00000000   -0.06401127  0.00000000
  0.03702837  0.00000000    0.06363787  0.00000000   -0.01097213  0.00000000
 -0.06401127  0.00000000   -0.01097213  0.00000000    0.06433042  0.00000000

     Diagonalizing the dynamical matrix

     q = (   -0.166666667  -0.250000000   0.416666667 ) 

 **************************************************************************
     freq (    1) =      -0.922629 [THz] =     -30.775590 [cm-1]
 (  0.294820 -0.000000  0.638191 -0.000000  0.711192  0.000000 ) 
     freq (    2) =       4.892323 [THz] =     163.190346 [cm-1]
 (  0.871369  0.000000 -0.485014  0.000000  0.074009  0.000000 ) 
     freq (    3) =       8.026085 [THz] =     267.721394 [cm-1]
 ( -0.392170  0.000000 -0.597891  0.000000  0.699091  0.000000 ) 
 **************************************************************************
