Dynamical matrix file
                                                                           
  1    1  3  6.1240000  0.0000000  0.0000000  0.0000000  0.0000000  0.0000000
           1  'Al  '    24592.588541212976     
    1    1      0.0000000000      0.0000000000      0.0000000000

     Dynamical  Matrix in cartesian axes

     q = (   -0.083333333   0.666666667  -0.416666667 ) 

    1    1
  0.08807521  0.00000000   -0.00441619  0.00000000   -0.01220220  0.00000000
 -0.00441619  0.00000000    0.08955122  0.00000000   -0.08524965  0.00000000
 -0.01220220  0.00000000   -0.08524965  0.00000000    0.09494245  0.00000000

     Dynamical  Matrix in cartesian axes

     q = (    0.666666667  -0.083333333  -0.416666667 ) 

    1    1
  0.08955122  0.00000000   -0.00441619  0.00000000   -0.08524965  0.00000000
 -0.00441619  0.00000000    0.08807521  0.00000000   -0.01220220  0.00000000
 -0.08524965  0.00000000   -0.01220220  0.00000000    0.09494245  0.00000000

     Dynamical  Matrix in cartesian axes

     q = (   -0.083333333  -0.416666667   0.666666667 ) 

    1    1
  0.08807521  0.00000000   -0.01220220  0.00000000   -0.00441619  0.00000000
 -0.01220220  0.00000000    0.09494245  0.00000000   -0.08524965  0.00000000
 -0.00441619  0.00000000   -0.08524965  0.00000000    0.08955122  0.00000000

     Dynamical  Matrix in cartesian axes

     q = (    0.083333333  -0.416666667   0.666666667 ) 

    1    1
  0.08807521  0.00000000    0.01220220  0.00000000    0.00441619  0.00000000
  0.01220220  0.00000000    0.09494245  0.00000000   -0.08524965  0.00000000
  0.00441619  0.00000000   -0.08524965  0.00000000    0.08955122  0.00000000

     Dynamical  Matrix in cartesian axes

     q = (   -0.666666667  -0.083333333  -0.416666667 ) 

    1    1
  0.08955122  0.00000000    0.00441619  0.00000000    0.08524965  0.00000000
  0.00441619  0.00000000    0.08807521  0.00000000   -0.01220220  0.00000000
  0.08524965  0.00000000   -0.01220220  0.00000000    0.09494245  0.00000000

     Dynamical  Matrix in cartesian axes

     q = (    0.666666667   0.083333333  -0.416666667 ) 

    1    1
  0.08955122  0.00000000    0.00441619  0.00000000   -0.08524965  0.00000000
  0.00441619  0.00000000    0.08807521  0.00000000    0.01220220  0.00000000
 -0.08524965  0.00000000    0.01220220  0.00000000    0.09494245  0.00000000

     Dynamical  Matrix in cartesian axes

     q = (    0.083333333  -0.666666667  -0.416666667 ) 

    1    1
  0.08807521  0.00000000   -0.00441619  0.00000000    0.01220220  0.00000000
 -0.00441619  0.00000000    0.08955122  0.00000000    0.08524965  0.00000000
  0.01220220  0.00000000    0.08524965  0.00000000    0.09494245  0.00000000

     Dynamical  Matrix in cartesian axes

     q = (   -0.666666667   0.083333333  -0.416666667 ) 

    1    1
  0.08955122  0.00000000   -0.00441619  0.00000000    0.08524965  0.00000000
 -0.00441619  0.00000000    0.08807521  0.00000000    0.01220220  0.00000000
  0.08524965  0.00000000    0.01220220  0.00000000    0.09494245  0.00000000

     Dynamical  Matrix in cartesian axes

     q = (   -0.666666667   0.416666667  -0.083333333 ) 

    1    1
  0.08955122  0.00000000   -0.08524965  0.00000000    0.00441619  0.00000000
 -0.08524965  0.00000000    0.09494245  0.00000000    0.01220220  0.00000000
  0.00441619  0.00000000    0.01220220  0.00000000    0.08807521  0.00000000

     Dynamical  Matrix in cartesian axes

     q = (   -0.666666667  -0.416666667   0.083333333 ) 

    1    1
  0.08955122  0.00000000    0.08524965  0.00000000   -0.00441619  0.00000000
  0.08524965  0.00000000    0.09494245  0.00000000    0.01220220  0.00000000
 -0.00441619  0.00000000    0.01220220  0.00000000    0.08807521  0.00000000

     Dynamical  Matrix in cartesian axes

     q = (   -0.416666667   0.083333333  -0.666666667 ) 

    1    1
  0.09494245  0.00000000    0.01220220  0.00000000    0.08524965  0.00000000
  0.01220220  0.00000000    0.08807521  0.00000000   -0.00441619  0.00000000
  0.08524965  0.00000000   -0.00441619  0.00000000    0.08955122  0.00000000

     Dynamical  Matrix in cartesian axes

     q = (   -0.083333333  -0.666666667  -0.416666667 ) 

    1    1
  0.08807521  0.00000000    0.00441619  0.00000000   -0.01220220  0.00000000
  0.00441619  0.00000000    0.08955122  0.00000000    0.08524965  0.00000000
 -0.01220220  0.00000000    0.08524965  0.00000000    0.09494245  0.00000000

     Dynamical  Matrix in cartesian axes

     q = (    0.416666667  -0.083333333  -0.666666667 ) 

    1    1
  0.09494245  0.00000000    0.01220220  0.00000000   -0.08524965  0.00000000
  0.01220220  0.00000000    0.08807521  0.00000000    0.00441619  0.00000000
 -0.08524965  0.00000000    0.00441619  0.00000000    0.08955122  0.00000000

     Dynamical  Matrix in cartesian axes

     q = (    0.083333333   0.666666667   0.416666667 ) 

    1    1
  0.08807521  0.00000000    0.00441619  0.00000000   -0.01220220  0.00000000
  0.00441619  0.00000000    0.08955122  0.00000000    0.08524965  0.00000000
 -0.01220220  0.00000000    0.08524965  0.00000000    0.09494245  0.00000000

     Dynamical  Matrix in cartesian axes

     q = (   -0.083333333   0.416666667  -0.666666667 ) 

    1    1
  0.08807521  0.00000000    0.01220220  0.00000000    0.00441619  0.00000000
  0.01220220  0.00000000    0.09494245  0.00000000   -0.08524965  0.00000000
  0.00441619  0.00000000   -0.08524965  0.00000000    0.08955122  0.00000000

     Dynamical  Matrix in cartesian axes

     q = (   -0.666666667  -0.083333333   0.416666667 ) 

    1    1
  0.08955122  0.00000000    0.00441619  0.00000000   -0.08524965  0.00000000
  0.00441619  0.00000000    0.08807521  0.00000000    0.01220220  0.00000000
 -0.08524965  0.00000000    0.01220220  0.00000000    0.09494245  0.00000000

     Dynamical  Matrix in cartesian axes

     q = (    0.666666667   0.083333333   0.416666667 ) 

    1    1
  0.08955122  0.00000000    0.00441619  0.00000000    0.08524965  0.00000000
  0.00441619  0.00000000    0.08807521  0.00000000   -0.01220220  0.00000000
  0.08524965  0.00000000   -0.01220220  0.00000000    0.09494245  0.00000000

     Dynamical  Matrix in cartesian axes

     q = (    0.416666667   0.083333333   0.666666667 ) 

    1    1
  0.09494245  0.00000000   -0.01220220  0.00000000    0.08524965  0.00000000
 -0.01220220  0.00000000    0.08807521  0.00000000    0.00441619  0.00000000
  0.08524965  0.00000000    0.00441619  0.00000000    0.08955122  0.00000000

     Dynamical  Matrix in cartesian axes

     q = (    0.416666667  -0.666666667  -0.083333333 ) 

    1    1
  0.09494245  0.00000000   -0.08524965  0.00000000    0.01220220  0.00000000
 -0.08524965  0.00000000    0.08955122  0.00000000    0.00441619  0.00000000
  0.01220220  0.00000000    0.00441619  0.00000000    0.08807521  0.00000000

     Dynamical  Matrix in cartesian axes

     q = (   -0.416666667  -0.666666667   0.083333333 ) 

    1    1
  0.09494245  0.00000000    0.08524965  0.00000000    0.01220220  0.00000000
  0.08524965  0.00000000    0.08955122  0.00000000   -0.00441619  0.00000000
  0.01220220  0.00000000   -0.00441619  0.00000000    0.08807521  0.00000000

     Dynamical  Matrix in cartesian axes

     q = (    0.666666667  -0.416666667  -0.083333333 ) 

    1    1
  0.08955122  0.00000000   -0.08524965  0.00000000   -0.00441619  0.00000000
 -0.08524965  0.00000000    0.09494245  0.00000000   -0.01220220  0.00000000
 -0.00441619  0.00000000   -0.01220220  0.00000000    0.08807521  0.00000000

     Dynamical  Matrix in cartesian axes

     q = (    0.416666667   0.666666667   0.083333333 ) 

    1    1
  0.09494245  0.00000000    0.08524965  0.00000000   -0.01220220  0.00000000
  0.08524965  0.00000000    0.08955122  0.00000000    0.00441619  0.00000000
 -0.01220220  0.00000000    0.00441619  0.00000000    0.08807521  0.00000000

     Dynamical  Matrix in cartesian axes

     q = (    0.083333333   0.416666667   0.666666667 ) 

    1    1
  0.08807521  0.00000000   -0.01220220  0.00000000    0.00441619  0.00000000
 -0.01220220  0.00000000    0.09494245  0.00000000    0.08524965  0.00000000
  0.00441619  0.00000000    0.08524965  0.00000000    0.08955122  0.00000000

     Dynamical  Matrix in cartesian axes

     q = (    0.083333333  -0.416666667  -0.666666667 ) 

    1    1
  0.08807521  0.00000000    0.01220220  0.00000000   -0.00441619  0.00000000
  0.01220220  0.00000000    0.09494245  0.00000000    0.08524965  0.00000000
 -0.00441619  0.00000000    0.08524965  0.00000000    0.08955122  0.00000000

     Dynamical  Matrix in cartesian axes

     q = (   -0.666666667   0.083333333   0.416666667 ) 

    1    1
  0.08955122  0.00000000   -0.00441619  0.00000000   -0.08524965  0.00000000
 -0.00441619  0.00000000    0.08807521  0.00000000   -0.01220220  0.00000000
 -0.08524965  0.00000000   -0.01220220  0.00000000    0.09494245  0.00000000

     Dynamical  Matrix in cartesian axes

     q = (   -0.083333333   0.666666667   0.416666667 ) 

    1    1
  0.08807521  0.00000000   -0.00441619  0.00000000    0.01220220  0.00000000
 -0.00441619  0.00000000    0.08955122  0.00000000    0.08524965  0.00000000
  0.01220220  0.00000000    0.08524965  0.00000000    0.09494245  0.00000000

     Dynamical  Matrix in cartesian axes

     q = (   -0.083333333  -0.666666667   0.416666667 ) 

    1    1
  0.08807521  0.00000000    0.00441619  0.00000000    0.01220220  0.00000000
  0.00441619  0.00000000    0.08955122  0.00000000   -0.08524965  0.00000000
  0.01220220  0.00000000   -0.08524965  0.00000000    0.09494245  0.00000000

     Dynamical  Matrix in cartesian axes

     q = (   -0.416666667  -0.083333333   0.666666667 ) 

    1    1
  0.09494245  0.00000000   -0.01220220  0.00000000   -0.08524965  0.00000000
 -0.01220220  0.00000000    0.08807521  0.00000000   -0.00441619  0.00000000
 -0.08524965  0.00000000   -0.00441619  0.00000000    0.08955122  0.00000000

     Dynamical  Matrix in cartesian axes

     q = (   -0.083333333  -0.416666667  -0.666666667 ) 

    1    1
  0.08807521  0.00000000   -0.01220220  0.00000000    0.00441619  0.00000000
 -0.01220220  0.00000000    0.09494245  0.00000000    0.08524965  0.00000000
  0.00441619  0.00000000    0.08524965  0.00000000    0.08955122  0.00000000

     Dynamical  Matrix in cartesian axes

     q = (   -0.416666667   0.666666667  -0.083333333 ) 

    1    1
  0.09494245  0.00000000   -0.08524965  0.00000000   -0.01220220  0.00000000
 -0.08524965  0.00000000    0.08955122  0.00000000   -0.00441619  0.00000000
 -0.01220220  0.00000000   -0.00441619  0.00000000    0.08807521  0.00000000

     Dynamical  Matrix in cartesian axes

     q = (   -0.083333333   0.416666667   0.666666667 ) 

    1    1
  0.08807521  0.00000000    0.01220220  0.00000000   -0.00441619  0.00000000
  0.01220220  0.00000000    0.09494245  0.00000000    0.08524965  0.00000000
 -0.00441619  0.00000000    0.08524965  0.00000000    0.08955122  0.00000000

     Dynamical  Matrix in cartesian axes

     q = (    0.083333333   0.416666667  -0.666666667 ) 

    1    1
  0.08807521  0.00000000   -0.01220220  0.00000000   -0.00441619  0.00000000
 -0.01220220  0.00000000    0.09494245  0.00000000   -0.08524965  0.00000000
 -0.00441619  0.00000000   -0.08524965  0.00000000    0.08955122  0.00000000

     Dynamical  Matrix in cartesian axes

     q = (    0.083333333   0.666666667  -0.416666667 ) 

    1    1
  0.08807521  0.00000000    0.00441619  0.00000000    0.01220220  0.00000000
  0.00441619  0.00000000    0.08955122  0.00000000   -0.08524965  0.00000000
  0.01220220  0.00000000   -0.08524965  0.00000000    0.09494245  0.00000000

     Dynamical  Matrix in cartesian axes

     q = (    0.083333333  -0.666666667   0.416666667 ) 

    1    1
  0.08807521  0.00000000   -0.00441619  0.00000000   -0.01220220  0.00000000
 -0.00441619  0.00000000    0.08955122  0.00000000   -0.08524965  0.00000000
 -0.01220220  0.00000000   -0.08524965  0.00000000    0.09494245  0.00000000

     Dynamical  Matrix in cartesian axes

     q = (    0.666666667   0.416666667   0.083333333 ) 

    1    1
  0.08955122  0.00000000    0.08524965  0.00000000    0.00441619  0.00000000
  0.08524965  0.00000000    0.09494245  0.00000000   -0.01220220  0.00000000
  0.00441619  0.00000000   -0.01220220  0.00000000    0.08807521  0.00000000

     Dynamical  Matrix in cartesian axes

     q = (   -0.416666667  -0.666666667  -0.083333333 ) 

    1    1
  0.09494245  0.00000000    0.08524965  0.00000000   -0.01220220  0.00000000
  0.08524965  0.00000000    0.08955122  0.00000000    0.00441619  0.00000000
 -0.01220220  0.00000000    0.00441619  0.00000000    0.08807521  0.00000000

     Dynamical  Matrix in cartesian axes

     q = (    0.416666667  -0.666666667   0.083333333 ) 

    1    1
  0.09494245  0.00000000   -0.08524965  0.00000000   -0.01220220  0.00000000
 -0.08524965  0.00000000    0.08955122  0.00000000   -0.00441619  0.00000000
 -0.01220220  0.00000000   -0.00441619  0.00000000    0.08807521  0.00000000

     Dynamical  Matrix in cartesian axes

     q = (   -0.416666667   0.666666667   0.083333333 ) 

    1    1
  0.09494245  0.00000000   -0.08524965  0.00000000    0.01220220  0.00000000
 -0.08524965  0.00000000    0.08955122  0.00000000    0.00441619  0.00000000
  0.01220220  0.00000000    0.00441619  0.00000000    0.08807521  0.00000000

     Dynamical  Matrix in cartesian axes

     q = (    0.416666667   0.666666667  -0.083333333 ) 

    1    1
  0.09494245  0.00000000    0.08524965  0.00000000    0.01220220  0.00000000
  0.08524965  0.00000000    0.08955122  0.00000000   -0.00441619  0.00000000
  0.01220220  0.00000000   -0.00441619  0.00000000    0.08807521  0.00000000

     Dynamical  Matrix in cartesian axes

     q = (    0.666666667  -0.083333333   0.416666667 ) 

    1    1
  0.08955122  0.00000000   -0.00441619  0.00000000    0.08524965  0.00000000
 -0.00441619  0.00000000    0.08807521  0.00000000    0.01220220  0.00000000
  0.08524965  0.00000000    0.01220220  0.00000000    0.09494245  0.00000000

     Dynamical  Matrix in cartesian axes

     q = (   -0.666666667   0.416666667   0.083333333 ) 

    1    1
  0.08955122  0.00000000   -0.08524965  0.00000000   -0.00441619  0.00000000
 -0.08524965  0.00000000    0.09494245  0.00000000   -0.01220220  0.00000000
 -0.00441619  0.00000000   -0.01220220  0.00000000    0.08807521  0.00000000

     Dynamical  Matrix in cartesian axes

     q = (    0.666666667   0.416666667  -0.083333333 ) 

    1    1
  0.08955122  0.00000000    0.08524965  0.00000000   -0.00441619  0.00000000
  0.08524965  0.00000000    0.09494245  0.00000000    0.01220220  0.00000000
 -0.00441619  0.00000000    0.01220220  0.00000000    0.08807521  0.00000000

     Dynamical  Matrix in cartesian axes

     q = (   -0.666666667  -0.416666667  -0.083333333 ) 

    1    1
  0.08955122  0.00000000    0.08524965  0.00000000    0.00441619  0.00000000
  0.08524965  0.00000000    0.09494245  0.00000000   -0.01220220  0.00000000
  0.00441619  0.00000000   -0.01220220  0.00000000    0.08807521  0.00000000

     Dynamical  Matrix in cartesian axes

     q = (    0.666666667  -0.416666667   0.083333333 ) 

    1    1
  0.08955122  0.00000000   -0.08524965  0.00000000    0.00441619  0.00000000
 -0.08524965  0.00000000    0.09494245  0.00000000    0.01220220  0.00000000
  0.00441619  0.00000000    0.01220220  0.00000000    0.08807521  0.00000000

     Dynamical  Matrix in cartesian axes

     q = (    0.416666667   0.083333333  -0.666666667 ) 

    1    1
  0.09494245  0.00000000   -0.01220220  0.00000000   -0.08524965  0.00000000
 -0.01220220  0.00000000    0.08807521  0.00000000   -0.00441619  0.00000000
 -0.08524965  0.00000000   -0.00441619  0.00000000    0.08955122  0.00000000

     Dynamical  Matrix in cartesian axes

     q = (    0.416666667  -0.083333333   0.666666667 ) 

    1    1
  0.09494245  0.00000000    0.01220220  0.00000000    0.08524965  0.00000000
  0.01220220  0.00000000    0.08807521  0.00000000   -0.00441619  0.00000000
  0.08524965  0.00000000   -0.00441619  0.00000000    0.08955122  0.00000000

     Dynamical  Matrix in cartesian axes

     q = (   -0.416666667  -0.083333333  -0.666666667 ) 

    1    1
  0.09494245  0.00000000   -0.01220220  0.00000000    0.08524965  0.00000000
 -0.01220220  0.00000000    0.08807521  0.00000000    0.00441619  0.00000000
  0.08524965  0.00000000    0.00441619  0.00000000    0.08955122  0.00000000

     Dynamical  Matrix in cartesian axes

     q = (   -0.416666667   0.083333333   0.666666667 ) 

    1    1
  0.09494245  0.00000000    0.01220220  0.00000000   -0.08524965  0.00000000
  0.01220220  0.00000000    0.08807521  0.00000000    0.00441619  0.00000000
 -0.08524965  0.00000000    0.00441619  0.00000000    0.08955122  0.00000000

     Diagonalizing the dynamical matrix

     q = (   -0.083333333   0.666666667  -0.416666667 ) 

 **************************************************************************
     freq (    1) =       1.528336 [THz] =      50.979799 [cm-1]
 (  0.139838 -0.000000  0.707914 -0.000000  0.692317  0.000000 ) 
     freq (    2) =       6.271060 [THz] =     209.180055 [cm-1]
 (  0.988118  0.000000 -0.144808  0.000000 -0.051515  0.000000 ) 
     freq (    3) =       8.848391 [THz] =     295.150561 [cm-1]
 ( -0.063785  0.000000 -0.691294  0.000000  0.719752  0.000000 ) 
 **************************************************************************
