Dynamical matrix file
                                                                           
  1    1  3  6.1240000  0.0000000  0.0000000  0.0000000  0.0000000  0.0000000
           1  'Al  '    24592.588541212976     
    1    1      0.0000000000      0.0000000000      0.0000000000

     Dynamical  Matrix in cartesian axes

     q = (   -0.083333333   0.583333333  -0.500000000 ) 

    1    1
  0.07800749  0.00000000    0.00149358  0.00000000   -0.00746602  0.00000000
  0.00149358  0.00000000    0.08033272  0.00000000   -0.09875812  0.00000000
 -0.00746602  0.00000000   -0.09875812  0.00000000    0.08228898  0.00000000

     Dynamical  Matrix in cartesian axes

     q = (    0.583333333  -0.083333333  -0.500000000 ) 

    1    1
  0.08033272  0.00000000    0.00149358  0.00000000   -0.09875812  0.00000000
  0.00149358  0.00000000    0.07800749  0.00000000   -0.00746602  0.00000000
 -0.09875812  0.00000000   -0.00746602  0.00000000    0.08228898  0.00000000

     Dynamical  Matrix in cartesian axes

     q = (    0.083333333   0.500000000  -0.583333333 ) 

    1    1
  0.07800749  0.00000000   -0.00746602  0.00000000    0.00149358  0.00000000
 -0.00746602  0.00000000    0.08228898  0.00000000   -0.09875812  0.00000000
  0.00149358  0.00000000   -0.09875812  0.00000000    0.08033272  0.00000000

     Dynamical  Matrix in cartesian axes

     q = (   -0.083333333   0.500000000  -0.583333333 ) 

    1    1
  0.07800749  0.00000000    0.00746602  0.00000000   -0.00149358  0.00000000
  0.00746602  0.00000000    0.08228898  0.00000000   -0.09875812  0.00000000
 -0.00149358  0.00000000   -0.09875812  0.00000000    0.08033272  0.00000000

     Dynamical  Matrix in cartesian axes

     q = (   -0.083333333  -0.583333333   0.500000000 ) 

    1    1
  0.07800749  0.00000000   -0.00149358  0.00000000    0.00746602  0.00000000
 -0.00149358  0.00000000    0.08033272  0.00000000   -0.09875812  0.00000000
  0.00746602  0.00000000   -0.09875812  0.00000000    0.08228898  0.00000000

     Dynamical  Matrix in cartesian axes

     q = (   -0.083333333  -0.500000000   0.583333333 ) 

    1    1
  0.07800749  0.00000000   -0.00746602  0.00000000    0.00149358  0.00000000
 -0.00746602  0.00000000    0.08228898  0.00000000   -0.09875812  0.00000000
  0.00149358  0.00000000   -0.09875812  0.00000000    0.08033272  0.00000000

     Dynamical  Matrix in cartesian axes

     q = (    0.083333333  -0.500000000   0.583333333 ) 

    1    1
  0.07800749  0.00000000    0.00746602  0.00000000   -0.00149358  0.00000000
  0.00746602  0.00000000    0.08228898  0.00000000   -0.09875812  0.00000000
 -0.00149358  0.00000000   -0.09875812  0.00000000    0.08033272  0.00000000

     Dynamical  Matrix in cartesian axes

     q = (    0.083333333  -0.583333333   0.500000000 ) 

    1    1
  0.07800749  0.00000000    0.00149358  0.00000000   -0.00746602  0.00000000
  0.00149358  0.00000000    0.08033272  0.00000000   -0.09875812  0.00000000
 -0.00746602  0.00000000   -0.09875812  0.00000000    0.08228898  0.00000000

     Dynamical  Matrix in cartesian axes

     q = (   -0.583333333   0.500000000  -0.083333333 ) 

    1    1
  0.08033272  0.00000000   -0.09875812  0.00000000   -0.00149358  0.00000000
 -0.09875812  0.00000000    0.08228898  0.00000000    0.00746602  0.00000000
 -0.00149358  0.00000000    0.00746602  0.00000000    0.07800749  0.00000000

     Dynamical  Matrix in cartesian axes

     q = (   -0.583333333  -0.500000000   0.083333333 ) 

    1    1
  0.08033272  0.00000000    0.09875812  0.00000000    0.00149358  0.00000000
  0.09875812  0.00000000    0.08228898  0.00000000    0.00746602  0.00000000
  0.00149358  0.00000000    0.00746602  0.00000000    0.07800749  0.00000000

     Dynamical  Matrix in cartesian axes

     q = (   -0.500000000   0.083333333  -0.583333333 ) 

    1    1
  0.08228898  0.00000000    0.00746602  0.00000000    0.09875812  0.00000000
  0.00746602  0.00000000    0.07800749  0.00000000    0.00149358  0.00000000
  0.09875812  0.00000000    0.00149358  0.00000000    0.08033272  0.00000000

     Dynamical  Matrix in cartesian axes

     q = (   -0.083333333  -0.583333333  -0.500000000 ) 

    1    1
  0.07800749  0.00000000   -0.00149358  0.00000000   -0.00746602  0.00000000
 -0.00149358  0.00000000    0.08033272  0.00000000    0.09875812  0.00000000
 -0.00746602  0.00000000    0.09875812  0.00000000    0.08228898  0.00000000

     Dynamical  Matrix in cartesian axes

     q = (    0.500000000  -0.083333333  -0.583333333 ) 

    1    1
  0.08228898  0.00000000    0.00746602  0.00000000   -0.09875812  0.00000000
  0.00746602  0.00000000    0.07800749  0.00000000   -0.00149358  0.00000000
 -0.09875812  0.00000000   -0.00149358  0.00000000    0.08033272  0.00000000

     Dynamical  Matrix in cartesian axes

     q = (    0.083333333   0.583333333   0.500000000 ) 

    1    1
  0.07800749  0.00000000   -0.00149358  0.00000000   -0.00746602  0.00000000
 -0.00149358  0.00000000    0.08033272  0.00000000    0.09875812  0.00000000
 -0.00746602  0.00000000    0.09875812  0.00000000    0.08228898  0.00000000

     Dynamical  Matrix in cartesian axes

     q = (    0.583333333  -0.500000000  -0.083333333 ) 

    1    1
  0.08033272  0.00000000   -0.09875812  0.00000000    0.00149358  0.00000000
 -0.09875812  0.00000000    0.08228898  0.00000000   -0.00746602  0.00000000
  0.00149358  0.00000000   -0.00746602  0.00000000    0.07800749  0.00000000

     Dynamical  Matrix in cartesian axes

     q = (   -0.583333333  -0.083333333   0.500000000 ) 

    1    1
  0.08033272  0.00000000   -0.00149358  0.00000000   -0.09875812  0.00000000
 -0.00149358  0.00000000    0.07800749  0.00000000    0.00746602  0.00000000
 -0.09875812  0.00000000    0.00746602  0.00000000    0.08228898  0.00000000

     Dynamical  Matrix in cartesian axes

     q = (    0.583333333   0.083333333   0.500000000 ) 

    1    1
  0.08033272  0.00000000   -0.00149358  0.00000000    0.09875812  0.00000000
 -0.00149358  0.00000000    0.07800749  0.00000000   -0.00746602  0.00000000
  0.09875812  0.00000000   -0.00746602  0.00000000    0.08228898  0.00000000

     Dynamical  Matrix in cartesian axes

     q = (    0.500000000   0.083333333   0.583333333 ) 

    1    1
  0.08228898  0.00000000   -0.00746602  0.00000000    0.09875812  0.00000000
 -0.00746602  0.00000000    0.07800749  0.00000000   -0.00149358  0.00000000
  0.09875812  0.00000000   -0.00149358  0.00000000    0.08033272  0.00000000

     Dynamical  Matrix in cartesian axes

     q = (    0.500000000  -0.583333333  -0.083333333 ) 

    1    1
  0.08228898  0.00000000   -0.09875812  0.00000000    0.00746602  0.00000000
 -0.09875812  0.00000000    0.08033272  0.00000000   -0.00149358  0.00000000
  0.00746602  0.00000000   -0.00149358  0.00000000    0.07800749  0.00000000

     Dynamical  Matrix in cartesian axes

     q = (   -0.500000000  -0.583333333   0.083333333 ) 

    1    1
  0.08228898  0.00000000    0.09875812  0.00000000    0.00746602  0.00000000
  0.09875812  0.00000000    0.08033272  0.00000000    0.00149358  0.00000000
  0.00746602  0.00000000    0.00149358  0.00000000    0.07800749  0.00000000

     Dynamical  Matrix in cartesian axes

     q = (    0.083333333   0.583333333  -0.500000000 ) 

    1    1
  0.07800749  0.00000000   -0.00149358  0.00000000    0.00746602  0.00000000
 -0.00149358  0.00000000    0.08033272  0.00000000   -0.09875812  0.00000000
  0.00746602  0.00000000   -0.09875812  0.00000000    0.08228898  0.00000000

     Dynamical  Matrix in cartesian axes

     q = (    0.500000000   0.583333333   0.083333333 ) 

    1    1
  0.08228898  0.00000000    0.09875812  0.00000000   -0.00746602  0.00000000
  0.09875812  0.00000000    0.08033272  0.00000000   -0.00149358  0.00000000
 -0.00746602  0.00000000   -0.00149358  0.00000000    0.07800749  0.00000000

     Dynamical  Matrix in cartesian axes

     q = (    0.083333333   0.500000000   0.583333333 ) 

    1    1
  0.07800749  0.00000000   -0.00746602  0.00000000   -0.00149358  0.00000000
 -0.00746602  0.00000000    0.08228898  0.00000000    0.09875812  0.00000000
 -0.00149358  0.00000000    0.09875812  0.00000000    0.08033272  0.00000000

     Dynamical  Matrix in cartesian axes

     q = (    0.083333333  -0.500000000  -0.583333333 ) 

    1    1
  0.07800749  0.00000000    0.00746602  0.00000000    0.00149358  0.00000000
  0.00746602  0.00000000    0.08228898  0.00000000    0.09875812  0.00000000
  0.00149358  0.00000000    0.09875812  0.00000000    0.08033272  0.00000000

     Dynamical  Matrix in cartesian axes

     q = (   -0.583333333   0.083333333   0.500000000 ) 

    1    1
  0.08033272  0.00000000    0.00149358  0.00000000   -0.09875812  0.00000000
  0.00149358  0.00000000    0.07800749  0.00000000   -0.00746602  0.00000000
 -0.09875812  0.00000000   -0.00746602  0.00000000    0.08228898  0.00000000

     Dynamical  Matrix in cartesian axes

     q = (   -0.083333333   0.583333333   0.500000000 ) 

    1    1
  0.07800749  0.00000000    0.00149358  0.00000000    0.00746602  0.00000000
  0.00149358  0.00000000    0.08033272  0.00000000    0.09875812  0.00000000
  0.00746602  0.00000000    0.09875812  0.00000000    0.08228898  0.00000000

     Dynamical  Matrix in cartesian axes

     q = (   -0.500000000  -0.083333333   0.583333333 ) 

    1    1
  0.08228898  0.00000000   -0.00746602  0.00000000   -0.09875812  0.00000000
 -0.00746602  0.00000000    0.07800749  0.00000000    0.00149358  0.00000000
 -0.09875812  0.00000000    0.00149358  0.00000000    0.08033272  0.00000000

     Dynamical  Matrix in cartesian axes

     q = (   -0.583333333  -0.083333333  -0.500000000 ) 

    1    1
  0.08033272  0.00000000   -0.00149358  0.00000000    0.09875812  0.00000000
 -0.00149358  0.00000000    0.07800749  0.00000000   -0.00746602  0.00000000
  0.09875812  0.00000000   -0.00746602  0.00000000    0.08228898  0.00000000

     Dynamical  Matrix in cartesian axes

     q = (   -0.083333333  -0.500000000  -0.583333333 ) 

    1    1
  0.07800749  0.00000000   -0.00746602  0.00000000   -0.00149358  0.00000000
 -0.00746602  0.00000000    0.08228898  0.00000000    0.09875812  0.00000000
 -0.00149358  0.00000000    0.09875812  0.00000000    0.08033272  0.00000000

     Dynamical  Matrix in cartesian axes

     q = (    0.583333333   0.083333333  -0.500000000 ) 

    1    1
  0.08033272  0.00000000   -0.00149358  0.00000000   -0.09875812  0.00000000
 -0.00149358  0.00000000    0.07800749  0.00000000    0.00746602  0.00000000
 -0.09875812  0.00000000    0.00746602  0.00000000    0.08228898  0.00000000

     Dynamical  Matrix in cartesian axes

     q = (   -0.083333333   0.500000000   0.583333333 ) 

    1    1
  0.07800749  0.00000000    0.00746602  0.00000000    0.00149358  0.00000000
  0.00746602  0.00000000    0.08228898  0.00000000    0.09875812  0.00000000
  0.00149358  0.00000000    0.09875812  0.00000000    0.08033272  0.00000000

     Dynamical  Matrix in cartesian axes

     q = (   -0.500000000   0.583333333  -0.083333333 ) 

    1    1
  0.08228898  0.00000000   -0.09875812  0.00000000   -0.00746602  0.00000000
 -0.09875812  0.00000000    0.08033272  0.00000000    0.00149358  0.00000000
 -0.00746602  0.00000000    0.00149358  0.00000000    0.07800749  0.00000000

     Dynamical  Matrix in cartesian axes

     q = (    0.083333333  -0.583333333  -0.500000000 ) 

    1    1
  0.07800749  0.00000000    0.00149358  0.00000000    0.00746602  0.00000000
  0.00149358  0.00000000    0.08033272  0.00000000    0.09875812  0.00000000
  0.00746602  0.00000000    0.09875812  0.00000000    0.08228898  0.00000000

     Dynamical  Matrix in cartesian axes

     q = (   -0.583333333   0.083333333  -0.500000000 ) 

    1    1
  0.08033272  0.00000000    0.00149358  0.00000000    0.09875812  0.00000000
  0.00149358  0.00000000    0.07800749  0.00000000    0.00746602  0.00000000
  0.09875812  0.00000000    0.00746602  0.00000000    0.08228898  0.00000000

     Dynamical  Matrix in cartesian axes

     q = (    0.583333333   0.500000000   0.083333333 ) 

    1    1
  0.08033272  0.00000000    0.09875812  0.00000000   -0.00149358  0.00000000
  0.09875812  0.00000000    0.08228898  0.00000000   -0.00746602  0.00000000
 -0.00149358  0.00000000   -0.00746602  0.00000000    0.07800749  0.00000000

     Dynamical  Matrix in cartesian axes

     q = (   -0.500000000  -0.583333333  -0.083333333 ) 

    1    1
  0.08228898  0.00000000    0.09875812  0.00000000   -0.00746602  0.00000000
  0.09875812  0.00000000    0.08033272  0.00000000   -0.00149358  0.00000000
 -0.00746602  0.00000000   -0.00149358  0.00000000    0.07800749  0.00000000

     Dynamical  Matrix in cartesian axes

     q = (    0.500000000  -0.583333333   0.083333333 ) 

    1    1
  0.08228898  0.00000000   -0.09875812  0.00000000   -0.00746602  0.00000000
 -0.09875812  0.00000000    0.08033272  0.00000000    0.00149358  0.00000000
 -0.00746602  0.00000000    0.00149358  0.00000000    0.07800749  0.00000000

     Dynamical  Matrix in cartesian axes

     q = (   -0.500000000   0.583333333   0.083333333 ) 

    1    1
  0.08228898  0.00000000   -0.09875812  0.00000000    0.00746602  0.00000000
 -0.09875812  0.00000000    0.08033272  0.00000000   -0.00149358  0.00000000
  0.00746602  0.00000000   -0.00149358  0.00000000    0.07800749  0.00000000

     Dynamical  Matrix in cartesian axes

     q = (    0.500000000   0.583333333  -0.083333333 ) 

    1    1
  0.08228898  0.00000000    0.09875812  0.00000000    0.00746602  0.00000000
  0.09875812  0.00000000    0.08033272  0.00000000    0.00149358  0.00000000
  0.00746602  0.00000000    0.00149358  0.00000000    0.07800749  0.00000000

     Dynamical  Matrix in cartesian axes

     q = (    0.583333333  -0.083333333   0.500000000 ) 

    1    1
  0.08033272  0.00000000    0.00149358  0.00000000    0.09875812  0.00000000
  0.00149358  0.00000000    0.07800749  0.00000000    0.00746602  0.00000000
  0.09875812  0.00000000    0.00746602  0.00000000    0.08228898  0.00000000

     Dynamical  Matrix in cartesian axes

     q = (   -0.583333333   0.500000000   0.083333333 ) 

    1    1
  0.08033272  0.00000000   -0.09875812  0.00000000    0.00149358  0.00000000
 -0.09875812  0.00000000    0.08228898  0.00000000   -0.00746602  0.00000000
  0.00149358  0.00000000   -0.00746602  0.00000000    0.07800749  0.00000000

     Dynamical  Matrix in cartesian axes

     q = (    0.583333333   0.500000000  -0.083333333 ) 

    1    1
  0.08033272  0.00000000    0.09875812  0.00000000    0.00149358  0.00000000
  0.09875812  0.00000000    0.08228898  0.00000000    0.00746602  0.00000000
  0.00149358  0.00000000    0.00746602  0.00000000    0.07800749  0.00000000

     Dynamical  Matrix in cartesian axes

     q = (   -0.583333333  -0.500000000  -0.083333333 ) 

    1    1
  0.08033272  0.00000000    0.09875812  0.00000000   -0.00149358  0.00000000
  0.09875812  0.00000000    0.08228898  0.00000000   -0.00746602  0.00000000
 -0.00149358  0.00000000   -0.00746602  0.00000000    0.07800749  0.00000000

     Dynamical  Matrix in cartesian axes

     q = (    0.583333333  -0.500000000   0.083333333 ) 

    1    1
  0.08033272  0.00000000   -0.09875812  0.00000000   -0.00149358  0.00000000
 -0.09875812  0.00000000    0.08228898  0.00000000    0.00746602  0.00000000
 -0.00149358  0.00000000    0.00746602  0.00000000    0.07800749  0.00000000

     Dynamical  Matrix in cartesian axes

     q = (    0.500000000   0.083333333  -0.583333333 ) 

    1    1
  0.08228898  0.00000000   -0.00746602  0.00000000   -0.09875812  0.00000000
 -0.00746602  0.00000000    0.07800749  0.00000000    0.00149358  0.00000000
 -0.09875812  0.00000000    0.00149358  0.00000000    0.08033272  0.00000000

     Dynamical  Matrix in cartesian axes

     q = (    0.500000000  -0.083333333   0.583333333 ) 

    1    1
  0.08228898  0.00000000    0.00746602  0.00000000    0.09875812  0.00000000
  0.00746602  0.00000000    0.07800749  0.00000000    0.00149358  0.00000000
  0.09875812  0.00000000    0.00149358  0.00000000    0.08033272  0.00000000

     Dynamical  Matrix in cartesian axes

     q = (   -0.500000000  -0.083333333  -0.583333333 ) 

    1    1
  0.08228898  0.00000000   -0.00746602  0.00000000    0.09875812  0.00000000
 -0.00746602  0.00000000    0.07800749  0.00000000   -0.00149358  0.00000000
  0.09875812  0.00000000   -0.00149358  0.00000000    0.08033272  0.00000000

     Dynamical  Matrix in cartesian axes

     q = (   -0.500000000   0.083333333   0.583333333 ) 

    1    1
  0.08228898  0.00000000    0.00746602  0.00000000   -0.09875812  0.00000000
  0.00746602  0.00000000    0.07800749  0.00000000   -0.00149358  0.00000000
 -0.09875812  0.00000000   -0.00149358  0.00000000    0.08033272  0.00000000

     Diagonalizing the dynamical matrix

     q = (   -0.083333333   0.583333333  -0.500000000 ) 

 **************************************************************************
     freq (    1) =      -2.785965 [THz] =     -92.929784 [cm-1]
 (  0.043878 -0.000000  0.708922 -0.000000  0.703921  0.000000 ) 
     freq (    2) =       5.851324 [THz] =     195.179172 [cm-1]
 (  0.997113  0.000000 -0.074782  0.000000  0.013160  0.000000 ) 
     freq (    3) =       8.911967 [THz] =     297.271230 [cm-1]
 ( -0.061970  0.000000 -0.701311  0.000000  0.710157  0.000000 ) 
 **************************************************************************
