Dynamical matrix file
                                                                           
  1    1  3  6.1240000  0.0000000  0.0000000  0.0000000  0.0000000  0.0000000
           1  'Al  '    24592.588541212976     
    1    1      0.0000000000      0.0000000000      0.0000000000

     Dynamical  Matrix in cartesian axes

     q = (   -0.083333333  -0.250000000   0.500000000 ) 

    1    1
  0.07628926  0.00000000    0.00074070  0.00000000   -0.01977116  0.00000000
  0.00074070  0.00000000    0.07720477  0.00000000   -0.07326740  0.00000000
 -0.01977116  0.00000000   -0.07326740  0.00000000    0.08817001  0.00000000

     Dynamical  Matrix in cartesian axes

     q = (   -0.250000000  -0.083333333   0.500000000 ) 

    1    1
  0.07720477  0.00000000    0.00074070  0.00000000   -0.07326740  0.00000000
  0.00074070  0.00000000    0.07628926  0.00000000   -0.01977116  0.00000000
 -0.07326740  0.00000000   -0.01977116  0.00000000    0.08817001  0.00000000

     Dynamical  Matrix in cartesian axes

     q = (   -0.083333333   0.500000000  -0.250000000 ) 

    1    1
  0.07628926  0.00000000   -0.01977116  0.00000000    0.00074070  0.00000000
 -0.01977116  0.00000000    0.08817001  0.00000000   -0.07326740  0.00000000
  0.00074070  0.00000000   -0.07326740  0.00000000    0.07720477  0.00000000

     Dynamical  Matrix in cartesian axes

     q = (    0.083333333   0.500000000  -0.250000000 ) 

    1    1
  0.07628926  0.00000000    0.01977116  0.00000000   -0.00074070  0.00000000
  0.01977116  0.00000000    0.08817001  0.00000000   -0.07326740  0.00000000
 -0.00074070  0.00000000   -0.07326740  0.00000000    0.07720477  0.00000000

     Dynamical  Matrix in cartesian axes

     q = (    0.250000000  -0.083333333   0.500000000 ) 

    1    1
  0.07720477  0.00000000   -0.00074070  0.00000000    0.07326740  0.00000000
 -0.00074070  0.00000000    0.07628926  0.00000000   -0.01977116  0.00000000
  0.07326740  0.00000000   -0.01977116  0.00000000    0.08817001  0.00000000

     Dynamical  Matrix in cartesian axes

     q = (   -0.250000000   0.083333333   0.500000000 ) 

    1    1
  0.07720477  0.00000000   -0.00074070  0.00000000   -0.07326740  0.00000000
 -0.00074070  0.00000000    0.07628926  0.00000000    0.01977116  0.00000000
 -0.07326740  0.00000000    0.01977116  0.00000000    0.08817001  0.00000000

     Dynamical  Matrix in cartesian axes

     q = (    0.083333333   0.250000000   0.500000000 ) 

    1    1
  0.07628926  0.00000000    0.00074070  0.00000000    0.01977116  0.00000000
  0.00074070  0.00000000    0.07720477  0.00000000    0.07326740  0.00000000
  0.01977116  0.00000000    0.07326740  0.00000000    0.08817001  0.00000000

     Dynamical  Matrix in cartesian axes

     q = (    0.250000000   0.083333333   0.500000000 ) 

    1    1
  0.07720477  0.00000000    0.00074070  0.00000000    0.07326740  0.00000000
  0.00074070  0.00000000    0.07628926  0.00000000    0.01977116  0.00000000
  0.07326740  0.00000000    0.01977116  0.00000000    0.08817001  0.00000000

     Dynamical  Matrix in cartesian axes

     q = (    0.250000000  -0.500000000  -0.083333333 ) 

    1    1
  0.07720477  0.00000000   -0.07326740  0.00000000   -0.00074070  0.00000000
 -0.07326740  0.00000000    0.08817001  0.00000000    0.01977116  0.00000000
 -0.00074070  0.00000000    0.01977116  0.00000000    0.07628926  0.00000000

     Dynamical  Matrix in cartesian axes

     q = (    0.250000000   0.500000000   0.083333333 ) 

    1    1
  0.07720477  0.00000000    0.07326740  0.00000000    0.00074070  0.00000000
  0.07326740  0.00000000    0.08817001  0.00000000    0.01977116  0.00000000
  0.00074070  0.00000000    0.01977116  0.00000000    0.07628926  0.00000000

     Dynamical  Matrix in cartesian axes

     q = (    0.500000000   0.083333333   0.250000000 ) 

    1    1
  0.08817001  0.00000000    0.01977116  0.00000000    0.07326740  0.00000000
  0.01977116  0.00000000    0.07628926  0.00000000    0.00074070  0.00000000
  0.07326740  0.00000000    0.00074070  0.00000000    0.07720477  0.00000000

     Dynamical  Matrix in cartesian axes

     q = (   -0.083333333   0.250000000   0.500000000 ) 

    1    1
  0.07628926  0.00000000   -0.00074070  0.00000000   -0.01977116  0.00000000
 -0.00074070  0.00000000    0.07720477  0.00000000    0.07326740  0.00000000
 -0.01977116  0.00000000    0.07326740  0.00000000    0.08817001  0.00000000

     Dynamical  Matrix in cartesian axes

     q = (   -0.500000000  -0.083333333   0.250000000 ) 

    1    1
  0.08817001  0.00000000    0.01977116  0.00000000   -0.07326740  0.00000000
  0.01977116  0.00000000    0.07628926  0.00000000   -0.00074070  0.00000000
 -0.07326740  0.00000000   -0.00074070  0.00000000    0.07720477  0.00000000

     Dynamical  Matrix in cartesian axes

     q = (    0.083333333  -0.250000000  -0.500000000 ) 

    1    1
  0.07628926  0.00000000   -0.00074070  0.00000000   -0.01977116  0.00000000
 -0.00074070  0.00000000    0.07720477  0.00000000    0.07326740  0.00000000
 -0.01977116  0.00000000    0.07326740  0.00000000    0.08817001  0.00000000

     Dynamical  Matrix in cartesian axes

     q = (   -0.083333333  -0.500000000   0.250000000 ) 

    1    1
  0.07628926  0.00000000    0.01977116  0.00000000   -0.00074070  0.00000000
  0.01977116  0.00000000    0.08817001  0.00000000   -0.07326740  0.00000000
 -0.00074070  0.00000000   -0.07326740  0.00000000    0.07720477  0.00000000

     Dynamical  Matrix in cartesian axes

     q = (    0.250000000  -0.083333333  -0.500000000 ) 

    1    1
  0.07720477  0.00000000   -0.00074070  0.00000000   -0.07326740  0.00000000
 -0.00074070  0.00000000    0.07628926  0.00000000    0.01977116  0.00000000
 -0.07326740  0.00000000    0.01977116  0.00000000    0.08817001  0.00000000

     Dynamical  Matrix in cartesian axes

     q = (   -0.250000000   0.083333333  -0.500000000 ) 

    1    1
  0.07720477  0.00000000   -0.00074070  0.00000000    0.07326740  0.00000000
 -0.00074070  0.00000000    0.07628926  0.00000000   -0.01977116  0.00000000
  0.07326740  0.00000000   -0.01977116  0.00000000    0.08817001  0.00000000

     Dynamical  Matrix in cartesian axes

     q = (   -0.500000000   0.083333333  -0.250000000 ) 

    1    1
  0.08817001  0.00000000   -0.01977116  0.00000000    0.07326740  0.00000000
 -0.01977116  0.00000000    0.07628926  0.00000000   -0.00074070  0.00000000
  0.07326740  0.00000000   -0.00074070  0.00000000    0.07720477  0.00000000

     Dynamical  Matrix in cartesian axes

     q = (   -0.500000000   0.250000000  -0.083333333 ) 

    1    1
  0.08817001  0.00000000   -0.07326740  0.00000000    0.01977116  0.00000000
 -0.07326740  0.00000000    0.07720477  0.00000000   -0.00074070  0.00000000
  0.01977116  0.00000000   -0.00074070  0.00000000    0.07628926  0.00000000

     Dynamical  Matrix in cartesian axes

     q = (    0.500000000   0.250000000   0.083333333 ) 

    1    1
  0.08817001  0.00000000    0.07326740  0.00000000    0.01977116  0.00000000
  0.07326740  0.00000000    0.07720477  0.00000000    0.00074070  0.00000000
  0.01977116  0.00000000    0.00074070  0.00000000    0.07628926  0.00000000

     Dynamical  Matrix in cartesian axes

     q = (   -0.250000000   0.500000000  -0.083333333 ) 

    1    1
  0.07720477  0.00000000   -0.07326740  0.00000000    0.00074070  0.00000000
 -0.07326740  0.00000000    0.08817001  0.00000000   -0.01977116  0.00000000
  0.00074070  0.00000000   -0.01977116  0.00000000    0.07628926  0.00000000

     Dynamical  Matrix in cartesian axes

     q = (   -0.500000000  -0.250000000   0.083333333 ) 

    1    1
  0.08817001  0.00000000    0.07326740  0.00000000   -0.01977116  0.00000000
  0.07326740  0.00000000    0.07720477  0.00000000   -0.00074070  0.00000000
 -0.01977116  0.00000000   -0.00074070  0.00000000    0.07628926  0.00000000

     Dynamical  Matrix in cartesian axes

     q = (    0.083333333  -0.500000000  -0.250000000 ) 

    1    1
  0.07628926  0.00000000   -0.01977116  0.00000000   -0.00074070  0.00000000
 -0.01977116  0.00000000    0.08817001  0.00000000    0.07326740  0.00000000
 -0.00074070  0.00000000    0.07326740  0.00000000    0.07720477  0.00000000

     Dynamical  Matrix in cartesian axes

     q = (    0.083333333   0.500000000   0.250000000 ) 

    1    1
  0.07628926  0.00000000    0.01977116  0.00000000    0.00074070  0.00000000
  0.01977116  0.00000000    0.08817001  0.00000000    0.07326740  0.00000000
  0.00074070  0.00000000    0.07326740  0.00000000    0.07720477  0.00000000

     Dynamical  Matrix in cartesian axes

     q = (    0.250000000   0.083333333  -0.500000000 ) 

    1    1
  0.07720477  0.00000000    0.00074070  0.00000000   -0.07326740  0.00000000
  0.00074070  0.00000000    0.07628926  0.00000000   -0.01977116  0.00000000
 -0.07326740  0.00000000   -0.01977116  0.00000000    0.08817001  0.00000000

     Dynamical  Matrix in cartesian axes

     q = (   -0.083333333  -0.250000000  -0.500000000 ) 

    1    1
  0.07628926  0.00000000    0.00074070  0.00000000    0.01977116  0.00000000
  0.00074070  0.00000000    0.07720477  0.00000000    0.07326740  0.00000000
  0.01977116  0.00000000    0.07326740  0.00000000    0.08817001  0.00000000

     Dynamical  Matrix in cartesian axes

     q = (   -0.083333333   0.250000000  -0.500000000 ) 

    1    1
  0.07628926  0.00000000   -0.00074070  0.00000000    0.01977116  0.00000000
 -0.00074070  0.00000000    0.07720477  0.00000000   -0.07326740  0.00000000
  0.01977116  0.00000000   -0.07326740  0.00000000    0.08817001  0.00000000

     Dynamical  Matrix in cartesian axes

     q = (    0.500000000  -0.083333333  -0.250000000 ) 

    1    1
  0.08817001  0.00000000   -0.01977116  0.00000000   -0.07326740  0.00000000
 -0.01977116  0.00000000    0.07628926  0.00000000    0.00074070  0.00000000
 -0.07326740  0.00000000    0.00074070  0.00000000    0.07720477  0.00000000

     Dynamical  Matrix in cartesian axes

     q = (   -0.083333333   0.500000000   0.250000000 ) 

    1    1
  0.07628926  0.00000000   -0.01977116  0.00000000   -0.00074070  0.00000000
 -0.01977116  0.00000000    0.08817001  0.00000000    0.07326740  0.00000000
 -0.00074070  0.00000000    0.07326740  0.00000000    0.07720477  0.00000000

     Dynamical  Matrix in cartesian axes

     q = (    0.500000000  -0.250000000  -0.083333333 ) 

    1    1
  0.08817001  0.00000000   -0.07326740  0.00000000   -0.01977116  0.00000000
 -0.07326740  0.00000000    0.07720477  0.00000000    0.00074070  0.00000000
 -0.01977116  0.00000000    0.00074070  0.00000000    0.07628926  0.00000000

     Dynamical  Matrix in cartesian axes

     q = (   -0.083333333  -0.500000000  -0.250000000 ) 

    1    1
  0.07628926  0.00000000    0.01977116  0.00000000    0.00074070  0.00000000
  0.01977116  0.00000000    0.08817001  0.00000000    0.07326740  0.00000000
  0.00074070  0.00000000    0.07326740  0.00000000    0.07720477  0.00000000

     Dynamical  Matrix in cartesian axes

     q = (    0.083333333  -0.500000000   0.250000000 ) 

    1    1
  0.07628926  0.00000000   -0.01977116  0.00000000    0.00074070  0.00000000
 -0.01977116  0.00000000    0.08817001  0.00000000   -0.07326740  0.00000000
  0.00074070  0.00000000   -0.07326740  0.00000000    0.07720477  0.00000000

     Dynamical  Matrix in cartesian axes

     q = (    0.083333333  -0.250000000   0.500000000 ) 

    1    1
  0.07628926  0.00000000   -0.00074070  0.00000000    0.01977116  0.00000000
 -0.00074070  0.00000000    0.07720477  0.00000000   -0.07326740  0.00000000
  0.01977116  0.00000000   -0.07326740  0.00000000    0.08817001  0.00000000

     Dynamical  Matrix in cartesian axes

     q = (    0.083333333   0.250000000  -0.500000000 ) 

    1    1
  0.07628926  0.00000000    0.00074070  0.00000000   -0.01977116  0.00000000
  0.00074070  0.00000000    0.07720477  0.00000000   -0.07326740  0.00000000
 -0.01977116  0.00000000   -0.07326740  0.00000000    0.08817001  0.00000000

     Dynamical  Matrix in cartesian axes

     q = (   -0.250000000  -0.500000000   0.083333333 ) 

    1    1
  0.07720477  0.00000000    0.07326740  0.00000000   -0.00074070  0.00000000
  0.07326740  0.00000000    0.08817001  0.00000000   -0.01977116  0.00000000
 -0.00074070  0.00000000   -0.01977116  0.00000000    0.07628926  0.00000000

     Dynamical  Matrix in cartesian axes

     q = (    0.500000000   0.250000000  -0.083333333 ) 

    1    1
  0.08817001  0.00000000    0.07326740  0.00000000   -0.01977116  0.00000000
  0.07326740  0.00000000    0.07720477  0.00000000   -0.00074070  0.00000000
 -0.01977116  0.00000000   -0.00074070  0.00000000    0.07628926  0.00000000

     Dynamical  Matrix in cartesian axes

     q = (   -0.500000000   0.250000000   0.083333333 ) 

    1    1
  0.08817001  0.00000000   -0.07326740  0.00000000   -0.01977116  0.00000000
 -0.07326740  0.00000000    0.07720477  0.00000000    0.00074070  0.00000000
 -0.01977116  0.00000000    0.00074070  0.00000000    0.07628926  0.00000000

     Dynamical  Matrix in cartesian axes

     q = (    0.500000000  -0.250000000   0.083333333 ) 

    1    1
  0.08817001  0.00000000   -0.07326740  0.00000000    0.01977116  0.00000000
 -0.07326740  0.00000000    0.07720477  0.00000000   -0.00074070  0.00000000
  0.01977116  0.00000000   -0.00074070  0.00000000    0.07628926  0.00000000

     Dynamical  Matrix in cartesian axes

     q = (   -0.500000000  -0.250000000  -0.083333333 ) 

    1    1
  0.08817001  0.00000000    0.07326740  0.00000000    0.01977116  0.00000000
  0.07326740  0.00000000    0.07720477  0.00000000    0.00074070  0.00000000
  0.01977116  0.00000000    0.00074070  0.00000000    0.07628926  0.00000000

     Dynamical  Matrix in cartesian axes

     q = (   -0.250000000  -0.083333333  -0.500000000 ) 

    1    1
  0.07720477  0.00000000    0.00074070  0.00000000    0.07326740  0.00000000
  0.00074070  0.00000000    0.07628926  0.00000000    0.01977116  0.00000000
  0.07326740  0.00000000    0.01977116  0.00000000    0.08817001  0.00000000

     Dynamical  Matrix in cartesian axes

     q = (    0.250000000  -0.500000000   0.083333333 ) 

    1    1
  0.07720477  0.00000000   -0.07326740  0.00000000    0.00074070  0.00000000
 -0.07326740  0.00000000    0.08817001  0.00000000   -0.01977116  0.00000000
  0.00074070  0.00000000   -0.01977116  0.00000000    0.07628926  0.00000000

     Dynamical  Matrix in cartesian axes

     q = (   -0.250000000  -0.500000000  -0.083333333 ) 

    1    1
  0.07720477  0.00000000    0.07326740  0.00000000    0.00074070  0.00000000
  0.07326740  0.00000000    0.08817001  0.00000000    0.01977116  0.00000000
  0.00074070  0.00000000    0.01977116  0.00000000    0.07628926  0.00000000

     Dynamical  Matrix in cartesian axes

     q = (    0.250000000   0.500000000  -0.083333333 ) 

    1    1
  0.07720477  0.00000000    0.07326740  0.00000000   -0.00074070  0.00000000
  0.07326740  0.00000000    0.08817001  0.00000000   -0.01977116  0.00000000
 -0.00074070  0.00000000   -0.01977116  0.00000000    0.07628926  0.00000000

     Dynamical  Matrix in cartesian axes

     q = (   -0.250000000   0.500000000   0.083333333 ) 

    1    1
  0.07720477  0.00000000   -0.07326740  0.00000000   -0.00074070  0.00000000
 -0.07326740  0.00000000    0.08817001  0.00000000    0.01977116  0.00000000
 -0.00074070  0.00000000    0.01977116  0.00000000    0.07628926  0.00000000

     Dynamical  Matrix in cartesian axes

     q = (   -0.500000000   0.083333333   0.250000000 ) 

    1    1
  0.08817001  0.00000000   -0.01977116  0.00000000   -0.07326740  0.00000000
 -0.01977116  0.00000000    0.07628926  0.00000000    0.00074070  0.00000000
 -0.07326740  0.00000000    0.00074070  0.00000000    0.07720477  0.00000000

     Dynamical  Matrix in cartesian axes

     q = (   -0.500000000  -0.083333333  -0.250000000 ) 

    1    1
  0.08817001  0.00000000    0.01977116  0.00000000    0.07326740  0.00000000
  0.01977116  0.00000000    0.07628926  0.00000000    0.00074070  0.00000000
  0.07326740  0.00000000    0.00074070  0.00000000    0.07720477  0.00000000

     Dynamical  Matrix in cartesian axes

     q = (    0.500000000  -0.083333333   0.250000000 ) 

    1    1
  0.08817001  0.00000000   -0.01977116  0.00000000    0.07326740  0.00000000
 -0.01977116  0.00000000    0.07628926  0.00000000   -0.00074070  0.00000000
  0.07326740  0.00000000   -0.00074070  0.00000000    0.07720477  0.00000000

     Dynamical  Matrix in cartesian axes

     q = (    0.500000000   0.083333333  -0.250000000 ) 

    1    1
  0.08817001  0.00000000    0.01977116  0.00000000   -0.07326740  0.00000000
  0.01977116  0.00000000    0.07628926  0.00000000   -0.00074070  0.00000000
 -0.07326740  0.00000000   -0.00074070  0.00000000    0.07720477  0.00000000

     Diagonalizing the dynamical matrix

     q = (   -0.083333333  -0.250000000   0.500000000 ) 

 **************************************************************************
     freq (    1) =       1.725650 [THz] =      57.561473 [cm-1]
 (  0.186382 -0.000000  0.707314 -0.000000  0.681887  0.000000 ) 
     freq (    2) =       5.782559 [THz] =     192.885418 [cm-1]
 (  0.965678  0.000000 -0.259686  0.000000  0.005419  0.000000 ) 
     freq (    3) =       8.362962 [THz] =     278.958376 [cm-1]
 ( -0.180909  0.000000 -0.657473  0.000000  0.731438  0.000000 ) 
 **************************************************************************
