Dynamical matrix file
                                                                           
  1    1  3  6.1240000  0.0000000  0.0000000  0.0000000  0.0000000  0.0000000
           1  'Al  '    24592.588541212976     
    1    1      0.0000000000      0.0000000000      0.0000000000

     Dynamical  Matrix in cartesian axes

     q = (   -0.083333333  -0.333333333   0.416666667 ) 

    1    1
  0.06545102  0.00000000    0.00716338  0.00000000   -0.01416065  0.00000000
  0.00716338  0.00000000    0.06936938  0.00000000   -0.08795421  0.00000000
 -0.01416065  0.00000000   -0.08795421  0.00000000    0.07319565  0.00000000

     Dynamical  Matrix in cartesian axes

     q = (   -0.333333333  -0.083333333   0.416666667 ) 

    1    1
  0.06936938  0.00000000    0.00716338  0.00000000   -0.08795421  0.00000000
  0.00716338  0.00000000    0.06545102  0.00000000   -0.01416065  0.00000000
 -0.08795421  0.00000000   -0.01416065  0.00000000    0.07319565  0.00000000

     Dynamical  Matrix in cartesian axes

     q = (    0.083333333  -0.416666667   0.333333333 ) 

    1    1
  0.06545102  0.00000000   -0.01416065  0.00000000    0.00716338  0.00000000
 -0.01416065  0.00000000    0.07319565  0.00000000   -0.08795421  0.00000000
  0.00716338  0.00000000   -0.08795421  0.00000000    0.06936938  0.00000000

     Dynamical  Matrix in cartesian axes

     q = (   -0.083333333  -0.416666667   0.333333333 ) 

    1    1
  0.06545102  0.00000000    0.01416065  0.00000000   -0.00716338  0.00000000
  0.01416065  0.00000000    0.07319565  0.00000000   -0.08795421  0.00000000
 -0.00716338  0.00000000   -0.08795421  0.00000000    0.06936938  0.00000000

     Dynamical  Matrix in cartesian axes

     q = (   -0.083333333   0.333333333  -0.416666667 ) 

    1    1
  0.06545102  0.00000000   -0.00716338  0.00000000    0.01416065  0.00000000
 -0.00716338  0.00000000    0.06936938  0.00000000   -0.08795421  0.00000000
  0.01416065  0.00000000   -0.08795421  0.00000000    0.07319565  0.00000000

     Dynamical  Matrix in cartesian axes

     q = (   -0.083333333   0.416666667  -0.333333333 ) 

    1    1
  0.06545102  0.00000000   -0.01416065  0.00000000    0.00716338  0.00000000
 -0.01416065  0.00000000    0.07319565  0.00000000   -0.08795421  0.00000000
  0.00716338  0.00000000   -0.08795421  0.00000000    0.06936938  0.00000000

     Dynamical  Matrix in cartesian axes

     q = (    0.083333333   0.416666667  -0.333333333 ) 

    1    1
  0.06545102  0.00000000    0.01416065  0.00000000   -0.00716338  0.00000000
  0.01416065  0.00000000    0.07319565  0.00000000   -0.08795421  0.00000000
 -0.00716338  0.00000000   -0.08795421  0.00000000    0.06936938  0.00000000

     Dynamical  Matrix in cartesian axes

     q = (    0.083333333   0.333333333  -0.416666667 ) 

    1    1
  0.06545102  0.00000000    0.00716338  0.00000000   -0.01416065  0.00000000
  0.00716338  0.00000000    0.06936938  0.00000000   -0.08795421  0.00000000
 -0.01416065  0.00000000   -0.08795421  0.00000000    0.07319565  0.00000000

     Dynamical  Matrix in cartesian axes

     q = (    0.333333333  -0.416666667  -0.083333333 ) 

    1    1
  0.06936938  0.00000000   -0.08795421  0.00000000   -0.00716338  0.00000000
 -0.08795421  0.00000000    0.07319565  0.00000000    0.01416065  0.00000000
 -0.00716338  0.00000000    0.01416065  0.00000000    0.06545102  0.00000000

     Dynamical  Matrix in cartesian axes

     q = (    0.333333333   0.416666667   0.083333333 ) 

    1    1
  0.06936938  0.00000000    0.08795421  0.00000000    0.00716338  0.00000000
  0.08795421  0.00000000    0.07319565  0.00000000    0.01416065  0.00000000
  0.00716338  0.00000000    0.01416065  0.00000000    0.06545102  0.00000000

     Dynamical  Matrix in cartesian axes

     q = (    0.416666667   0.083333333   0.333333333 ) 

    1    1
  0.07319565  0.00000000    0.01416065  0.00000000    0.08795421  0.00000000
  0.01416065  0.00000000    0.06545102  0.00000000    0.00716338  0.00000000
  0.08795421  0.00000000    0.00716338  0.00000000    0.06936938  0.00000000

     Dynamical  Matrix in cartesian axes

     q = (   -0.083333333   0.333333333   0.416666667 ) 

    1    1
  0.06545102  0.00000000   -0.00716338  0.00000000   -0.01416065  0.00000000
 -0.00716338  0.00000000    0.06936938  0.00000000    0.08795421  0.00000000
 -0.01416065  0.00000000    0.08795421  0.00000000    0.07319565  0.00000000

     Dynamical  Matrix in cartesian axes

     q = (   -0.416666667  -0.083333333   0.333333333 ) 

    1    1
  0.07319565  0.00000000    0.01416065  0.00000000   -0.08795421  0.00000000
  0.01416065  0.00000000    0.06545102  0.00000000   -0.00716338  0.00000000
 -0.08795421  0.00000000   -0.00716338  0.00000000    0.06936938  0.00000000

     Dynamical  Matrix in cartesian axes

     q = (    0.083333333  -0.333333333  -0.416666667 ) 

    1    1
  0.06545102  0.00000000   -0.00716338  0.00000000   -0.01416065  0.00000000
 -0.00716338  0.00000000    0.06936938  0.00000000    0.08795421  0.00000000
 -0.01416065  0.00000000    0.08795421  0.00000000    0.07319565  0.00000000

     Dynamical  Matrix in cartesian axes

     q = (   -0.333333333   0.416666667  -0.083333333 ) 

    1    1
  0.06936938  0.00000000   -0.08795421  0.00000000    0.00716338  0.00000000
 -0.08795421  0.00000000    0.07319565  0.00000000   -0.01416065  0.00000000
  0.00716338  0.00000000   -0.01416065  0.00000000    0.06545102  0.00000000

     Dynamical  Matrix in cartesian axes

     q = (    0.333333333  -0.083333333  -0.416666667 ) 

    1    1
  0.06936938  0.00000000   -0.00716338  0.00000000   -0.08795421  0.00000000
 -0.00716338  0.00000000    0.06545102  0.00000000    0.01416065  0.00000000
 -0.08795421  0.00000000    0.01416065  0.00000000    0.07319565  0.00000000

     Dynamical  Matrix in cartesian axes

     q = (   -0.333333333   0.083333333  -0.416666667 ) 

    1    1
  0.06936938  0.00000000   -0.00716338  0.00000000    0.08795421  0.00000000
 -0.00716338  0.00000000    0.06545102  0.00000000   -0.01416065  0.00000000
  0.08795421  0.00000000   -0.01416065  0.00000000    0.07319565  0.00000000

     Dynamical  Matrix in cartesian axes

     q = (   -0.416666667   0.083333333  -0.333333333 ) 

    1    1
  0.07319565  0.00000000   -0.01416065  0.00000000    0.08795421  0.00000000
 -0.01416065  0.00000000    0.06545102  0.00000000   -0.00716338  0.00000000
  0.08795421  0.00000000   -0.00716338  0.00000000    0.06936938  0.00000000

     Dynamical  Matrix in cartesian axes

     q = (   -0.416666667   0.333333333  -0.083333333 ) 

    1    1
  0.07319565  0.00000000   -0.08795421  0.00000000    0.01416065  0.00000000
 -0.08795421  0.00000000    0.06936938  0.00000000   -0.00716338  0.00000000
  0.01416065  0.00000000   -0.00716338  0.00000000    0.06545102  0.00000000

     Dynamical  Matrix in cartesian axes

     q = (    0.416666667   0.333333333   0.083333333 ) 

    1    1
  0.07319565  0.00000000    0.08795421  0.00000000    0.01416065  0.00000000
  0.08795421  0.00000000    0.06936938  0.00000000    0.00716338  0.00000000
  0.01416065  0.00000000    0.00716338  0.00000000    0.06545102  0.00000000

     Dynamical  Matrix in cartesian axes

     q = (    0.083333333  -0.333333333   0.416666667 ) 

    1    1
  0.06545102  0.00000000   -0.00716338  0.00000000    0.01416065  0.00000000
 -0.00716338  0.00000000    0.06936938  0.00000000   -0.08795421  0.00000000
  0.01416065  0.00000000   -0.08795421  0.00000000    0.07319565  0.00000000

     Dynamical  Matrix in cartesian axes

     q = (   -0.416666667  -0.333333333   0.083333333 ) 

    1    1
  0.07319565  0.00000000    0.08795421  0.00000000   -0.01416065  0.00000000
  0.08795421  0.00000000    0.06936938  0.00000000   -0.00716338  0.00000000
 -0.01416065  0.00000000   -0.00716338  0.00000000    0.06545102  0.00000000

     Dynamical  Matrix in cartesian axes

     q = (    0.083333333  -0.416666667  -0.333333333 ) 

    1    1
  0.06545102  0.00000000   -0.01416065  0.00000000   -0.00716338  0.00000000
 -0.01416065  0.00000000    0.07319565  0.00000000    0.08795421  0.00000000
 -0.00716338  0.00000000    0.08795421  0.00000000    0.06936938  0.00000000

     Dynamical  Matrix in cartesian axes

     q = (    0.083333333   0.416666667   0.333333333 ) 

    1    1
  0.06545102  0.00000000    0.01416065  0.00000000    0.00716338  0.00000000
  0.01416065  0.00000000    0.07319565  0.00000000    0.08795421  0.00000000
  0.00716338  0.00000000    0.08795421  0.00000000    0.06936938  0.00000000

     Dynamical  Matrix in cartesian axes

     q = (    0.333333333   0.083333333  -0.416666667 ) 

    1    1
  0.06936938  0.00000000    0.00716338  0.00000000   -0.08795421  0.00000000
  0.00716338  0.00000000    0.06545102  0.00000000   -0.01416065  0.00000000
 -0.08795421  0.00000000   -0.01416065  0.00000000    0.07319565  0.00000000

     Dynamical  Matrix in cartesian axes

     q = (   -0.083333333  -0.333333333  -0.416666667 ) 

    1    1
  0.06545102  0.00000000    0.00716338  0.00000000    0.01416065  0.00000000
  0.00716338  0.00000000    0.06936938  0.00000000    0.08795421  0.00000000
  0.01416065  0.00000000    0.08795421  0.00000000    0.07319565  0.00000000

     Dynamical  Matrix in cartesian axes

     q = (    0.416666667  -0.083333333  -0.333333333 ) 

    1    1
  0.07319565  0.00000000   -0.01416065  0.00000000   -0.08795421  0.00000000
 -0.01416065  0.00000000    0.06545102  0.00000000    0.00716338  0.00000000
 -0.08795421  0.00000000    0.00716338  0.00000000    0.06936938  0.00000000

     Dynamical  Matrix in cartesian axes

     q = (    0.333333333  -0.083333333   0.416666667 ) 

    1    1
  0.06936938  0.00000000   -0.00716338  0.00000000    0.08795421  0.00000000
 -0.00716338  0.00000000    0.06545102  0.00000000   -0.01416065  0.00000000
  0.08795421  0.00000000   -0.01416065  0.00000000    0.07319565  0.00000000

     Dynamical  Matrix in cartesian axes

     q = (   -0.083333333   0.416666667   0.333333333 ) 

    1    1
  0.06545102  0.00000000   -0.01416065  0.00000000   -0.00716338  0.00000000
 -0.01416065  0.00000000    0.07319565  0.00000000    0.08795421  0.00000000
 -0.00716338  0.00000000    0.08795421  0.00000000    0.06936938  0.00000000

     Dynamical  Matrix in cartesian axes

     q = (   -0.333333333   0.083333333   0.416666667 ) 

    1    1
  0.06936938  0.00000000   -0.00716338  0.00000000   -0.08795421  0.00000000
 -0.00716338  0.00000000    0.06545102  0.00000000    0.01416065  0.00000000
 -0.08795421  0.00000000    0.01416065  0.00000000    0.07319565  0.00000000

     Dynamical  Matrix in cartesian axes

     q = (   -0.083333333  -0.416666667  -0.333333333 ) 

    1    1
  0.06545102  0.00000000    0.01416065  0.00000000    0.00716338  0.00000000
  0.01416065  0.00000000    0.07319565  0.00000000    0.08795421  0.00000000
  0.00716338  0.00000000    0.08795421  0.00000000    0.06936938  0.00000000

     Dynamical  Matrix in cartesian axes

     q = (    0.416666667  -0.333333333  -0.083333333 ) 

    1    1
  0.07319565  0.00000000   -0.08795421  0.00000000   -0.01416065  0.00000000
 -0.08795421  0.00000000    0.06936938  0.00000000    0.00716338  0.00000000
 -0.01416065  0.00000000    0.00716338  0.00000000    0.06545102  0.00000000

     Dynamical  Matrix in cartesian axes

     q = (    0.083333333   0.333333333   0.416666667 ) 

    1    1
  0.06545102  0.00000000    0.00716338  0.00000000    0.01416065  0.00000000
  0.00716338  0.00000000    0.06936938  0.00000000    0.08795421  0.00000000
  0.01416065  0.00000000    0.08795421  0.00000000    0.07319565  0.00000000

     Dynamical  Matrix in cartesian axes

     q = (    0.333333333   0.083333333   0.416666667 ) 

    1    1
  0.06936938  0.00000000    0.00716338  0.00000000    0.08795421  0.00000000
  0.00716338  0.00000000    0.06545102  0.00000000    0.01416065  0.00000000
  0.08795421  0.00000000    0.01416065  0.00000000    0.07319565  0.00000000

     Dynamical  Matrix in cartesian axes

     q = (   -0.333333333  -0.416666667   0.083333333 ) 

    1    1
  0.06936938  0.00000000    0.08795421  0.00000000   -0.00716338  0.00000000
  0.08795421  0.00000000    0.07319565  0.00000000   -0.01416065  0.00000000
 -0.00716338  0.00000000   -0.01416065  0.00000000    0.06545102  0.00000000

     Dynamical  Matrix in cartesian axes

     q = (    0.416666667   0.333333333  -0.083333333 ) 

    1    1
  0.07319565  0.00000000    0.08795421  0.00000000   -0.01416065  0.00000000
  0.08795421  0.00000000    0.06936938  0.00000000   -0.00716338  0.00000000
 -0.01416065  0.00000000   -0.00716338  0.00000000    0.06545102  0.00000000

     Dynamical  Matrix in cartesian axes

     q = (   -0.416666667   0.333333333   0.083333333 ) 

    1    1
  0.07319565  0.00000000   -0.08795421  0.00000000   -0.01416065  0.00000000
 -0.08795421  0.00000000    0.06936938  0.00000000    0.00716338  0.00000000
 -0.01416065  0.00000000    0.00716338  0.00000000    0.06545102  0.00000000

     Dynamical  Matrix in cartesian axes

     q = (    0.416666667  -0.333333333   0.083333333 ) 

    1    1
  0.07319565  0.00000000   -0.08795421  0.00000000    0.01416065  0.00000000
 -0.08795421  0.00000000    0.06936938  0.00000000   -0.00716338  0.00000000
  0.01416065  0.00000000   -0.00716338  0.00000000    0.06545102  0.00000000

     Dynamical  Matrix in cartesian axes

     q = (   -0.416666667  -0.333333333  -0.083333333 ) 

    1    1
  0.07319565  0.00000000    0.08795421  0.00000000    0.01416065  0.00000000
  0.08795421  0.00000000    0.06936938  0.00000000    0.00716338  0.00000000
  0.01416065  0.00000000    0.00716338  0.00000000    0.06545102  0.00000000

     Dynamical  Matrix in cartesian axes

     q = (   -0.333333333  -0.083333333  -0.416666667 ) 

    1    1
  0.06936938  0.00000000    0.00716338  0.00000000    0.08795421  0.00000000
  0.00716338  0.00000000    0.06545102  0.00000000    0.01416065  0.00000000
  0.08795421  0.00000000    0.01416065  0.00000000    0.07319565  0.00000000

     Dynamical  Matrix in cartesian axes

     q = (    0.333333333  -0.416666667   0.083333333 ) 

    1    1
  0.06936938  0.00000000   -0.08795421  0.00000000    0.00716338  0.00000000
 -0.08795421  0.00000000    0.07319565  0.00000000   -0.01416065  0.00000000
  0.00716338  0.00000000   -0.01416065  0.00000000    0.06545102  0.00000000

     Dynamical  Matrix in cartesian axes

     q = (   -0.333333333  -0.416666667  -0.083333333 ) 

    1    1
  0.06936938  0.00000000    0.08795421  0.00000000    0.00716338  0.00000000
  0.08795421  0.00000000    0.07319565  0.00000000    0.01416065  0.00000000
  0.00716338  0.00000000    0.01416065  0.00000000    0.06545102  0.00000000

     Dynamical  Matrix in cartesian axes

     q = (    0.333333333   0.416666667  -0.083333333 ) 

    1    1
  0.06936938  0.00000000    0.08795421  0.00000000   -0.00716338  0.00000000
  0.08795421  0.00000000    0.07319565  0.00000000   -0.01416065  0.00000000
 -0.00716338  0.00000000   -0.01416065  0.00000000    0.06545102  0.00000000

     Dynamical  Matrix in cartesian axes

     q = (   -0.333333333   0.416666667   0.083333333 ) 

    1    1
  0.06936938  0.00000000   -0.08795421  0.00000000   -0.00716338  0.00000000
 -0.08795421  0.00000000    0.07319565  0.00000000    0.01416065  0.00000000
 -0.00716338  0.00000000    0.01416065  0.00000000    0.06545102  0.00000000

     Dynamical  Matrix in cartesian axes

     q = (   -0.416666667   0.083333333   0.333333333 ) 

    1    1
  0.07319565  0.00000000   -0.01416065  0.00000000   -0.08795421  0.00000000
 -0.01416065  0.00000000    0.06545102  0.00000000    0.00716338  0.00000000
 -0.08795421  0.00000000    0.00716338  0.00000000    0.06936938  0.00000000

     Dynamical  Matrix in cartesian axes

     q = (   -0.416666667  -0.083333333  -0.333333333 ) 

    1    1
  0.07319565  0.00000000    0.01416065  0.00000000    0.08795421  0.00000000
  0.01416065  0.00000000    0.06545102  0.00000000    0.00716338  0.00000000
  0.08795421  0.00000000    0.00716338  0.00000000    0.06936938  0.00000000

     Dynamical  Matrix in cartesian axes

     q = (    0.416666667  -0.083333333   0.333333333 ) 

    1    1
  0.07319565  0.00000000   -0.01416065  0.00000000    0.08795421  0.00000000
 -0.01416065  0.00000000    0.06545102  0.00000000   -0.00716338  0.00000000
  0.08795421  0.00000000   -0.00716338  0.00000000    0.06936938  0.00000000

     Dynamical  Matrix in cartesian axes

     q = (    0.416666667   0.083333333  -0.333333333 ) 

    1    1
  0.07319565  0.00000000    0.01416065  0.00000000   -0.08795421  0.00000000
  0.01416065  0.00000000    0.06545102  0.00000000   -0.00716338  0.00000000
 -0.08795421  0.00000000   -0.00716338  0.00000000    0.06936938  0.00000000

     Diagonalizing the dynamical matrix

     q = (   -0.083333333  -0.333333333   0.416666667 ) 

 **************************************************************************
     freq (    1) =      -2.733205 [THz] =     -91.169912 [cm-1]
 (  0.058861 -0.000000  0.709971 -0.000000  0.701767  0.000000 ) 
     freq (    2) =       5.280135 [THz] =     176.126347 [cm-1]
 (  0.986065  0.000000 -0.150923  0.000000  0.069980  0.000000 ) 
     freq (    3) =       8.434292 [THz] =     281.337687 [cm-1]
 ( -0.155597  0.000000 -0.687869  0.000000  0.708961  0.000000 ) 
 **************************************************************************
