Dynamical matrix file
                                                                           
  1    1  3  6.1240000  0.0000000  0.0000000  0.0000000  0.0000000  0.0000000
           1  'Al  '    24592.588541212976     
    1    1      0.0000000000      0.0000000000      0.0000000000

     Dynamical  Matrix in cartesian axes

     q = (   -0.250000000   0.666666667  -0.416666667 ) 

    1    1
  0.08646692  0.00000000   -0.01401246  0.00000000   -0.03415998  0.00000000
 -0.01401246  0.00000000    0.08720289  0.00000000   -0.06205365  0.00000000
 -0.03415998  0.00000000   -0.06205365  0.00000000    0.08785874  0.00000000

     Dynamical  Matrix in cartesian axes

     q = (    0.666666667  -0.250000000  -0.416666667 ) 

    1    1
  0.08720289  0.00000000   -0.01401246  0.00000000   -0.06205365  0.00000000
 -0.01401246  0.00000000    0.08646692  0.00000000   -0.03415998  0.00000000
 -0.06205365  0.00000000   -0.03415998  0.00000000    0.08785874  0.00000000

     Dynamical  Matrix in cartesian axes

     q = (    0.250000000   0.416666667  -0.666666667 ) 

    1    1
  0.08646692  0.00000000   -0.03415998  0.00000000   -0.01401246  0.00000000
 -0.03415998  0.00000000    0.08785874  0.00000000   -0.06205365  0.00000000
 -0.01401246  0.00000000   -0.06205365  0.00000000    0.08720289  0.00000000

     Dynamical  Matrix in cartesian axes

     q = (   -0.250000000   0.416666667  -0.666666667 ) 

    1    1
  0.08646692  0.00000000    0.03415998  0.00000000    0.01401246  0.00000000
  0.03415998  0.00000000    0.08785874  0.00000000   -0.06205365  0.00000000
  0.01401246  0.00000000   -0.06205365  0.00000000    0.08720289  0.00000000

     Dynamical  Matrix in cartesian axes

     q = (   -0.250000000  -0.666666667   0.416666667 ) 

    1    1
  0.08646692  0.00000000    0.01401246  0.00000000    0.03415998  0.00000000
  0.01401246  0.00000000    0.08720289  0.00000000   -0.06205365  0.00000000
  0.03415998  0.00000000   -0.06205365  0.00000000    0.08785874  0.00000000

     Dynamical  Matrix in cartesian axes

     q = (   -0.250000000  -0.416666667   0.666666667 ) 

    1    1
  0.08646692  0.00000000   -0.03415998  0.00000000   -0.01401246  0.00000000
 -0.03415998  0.00000000    0.08785874  0.00000000   -0.06205365  0.00000000
 -0.01401246  0.00000000   -0.06205365  0.00000000    0.08720289  0.00000000

     Dynamical  Matrix in cartesian axes

     q = (    0.250000000  -0.416666667   0.666666667 ) 

    1    1
  0.08646692  0.00000000    0.03415998  0.00000000    0.01401246  0.00000000
  0.03415998  0.00000000    0.08785874  0.00000000   -0.06205365  0.00000000
  0.01401246  0.00000000   -0.06205365  0.00000000    0.08720289  0.00000000

     Dynamical  Matrix in cartesian axes

     q = (    0.250000000  -0.666666667   0.416666667 ) 

    1    1
  0.08646692  0.00000000   -0.01401246  0.00000000   -0.03415998  0.00000000
 -0.01401246  0.00000000    0.08720289  0.00000000   -0.06205365  0.00000000
 -0.03415998  0.00000000   -0.06205365  0.00000000    0.08785874  0.00000000

     Dynamical  Matrix in cartesian axes

     q = (   -0.666666667   0.416666667  -0.250000000 ) 

    1    1
  0.08720289  0.00000000   -0.06205365  0.00000000    0.01401246  0.00000000
 -0.06205365  0.00000000    0.08785874  0.00000000    0.03415998  0.00000000
  0.01401246  0.00000000    0.03415998  0.00000000    0.08646692  0.00000000

     Dynamical  Matrix in cartesian axes

     q = (   -0.666666667  -0.416666667   0.250000000 ) 

    1    1
  0.08720289  0.00000000    0.06205365  0.00000000   -0.01401246  0.00000000
  0.06205365  0.00000000    0.08785874  0.00000000    0.03415998  0.00000000
 -0.01401246  0.00000000    0.03415998  0.00000000    0.08646692  0.00000000

     Dynamical  Matrix in cartesian axes

     q = (   -0.416666667   0.250000000  -0.666666667 ) 

    1    1
  0.08785874  0.00000000    0.03415998  0.00000000    0.06205365  0.00000000
  0.03415998  0.00000000    0.08646692  0.00000000   -0.01401246  0.00000000
  0.06205365  0.00000000   -0.01401246  0.00000000    0.08720289  0.00000000

     Dynamical  Matrix in cartesian axes

     q = (   -0.250000000  -0.666666667  -0.416666667 ) 

    1    1
  0.08646692  0.00000000    0.01401246  0.00000000   -0.03415998  0.00000000
  0.01401246  0.00000000    0.08720289  0.00000000    0.06205365  0.00000000
 -0.03415998  0.00000000    0.06205365  0.00000000    0.08785874  0.00000000

     Dynamical  Matrix in cartesian axes

     q = (    0.416666667  -0.250000000  -0.666666667 ) 

    1    1
  0.08785874  0.00000000    0.03415998  0.00000000   -0.06205365  0.00000000
  0.03415998  0.00000000    0.08646692  0.00000000    0.01401246  0.00000000
 -0.06205365  0.00000000    0.01401246  0.00000000    0.08720289  0.00000000

     Dynamical  Matrix in cartesian axes

     q = (    0.250000000   0.666666667   0.416666667 ) 

    1    1
  0.08646692  0.00000000    0.01401246  0.00000000   -0.03415998  0.00000000
  0.01401246  0.00000000    0.08720289  0.00000000    0.06205365  0.00000000
 -0.03415998  0.00000000    0.06205365  0.00000000    0.08785874  0.00000000

     Dynamical  Matrix in cartesian axes

     q = (    0.666666667  -0.416666667  -0.250000000 ) 

    1    1
  0.08720289  0.00000000   -0.06205365  0.00000000   -0.01401246  0.00000000
 -0.06205365  0.00000000    0.08785874  0.00000000   -0.03415998  0.00000000
 -0.01401246  0.00000000   -0.03415998  0.00000000    0.08646692  0.00000000

     Dynamical  Matrix in cartesian axes

     q = (   -0.666666667  -0.250000000   0.416666667 ) 

    1    1
  0.08720289  0.00000000    0.01401246  0.00000000   -0.06205365  0.00000000
  0.01401246  0.00000000    0.08646692  0.00000000    0.03415998  0.00000000
 -0.06205365  0.00000000    0.03415998  0.00000000    0.08785874  0.00000000

     Dynamical  Matrix in cartesian axes

     q = (    0.666666667   0.250000000   0.416666667 ) 

    1    1
  0.08720289  0.00000000    0.01401246  0.00000000    0.06205365  0.00000000
  0.01401246  0.00000000    0.08646692  0.00000000   -0.03415998  0.00000000
  0.06205365  0.00000000   -0.03415998  0.00000000    0.08785874  0.00000000

     Dynamical  Matrix in cartesian axes

     q = (    0.416666667   0.250000000   0.666666667 ) 

    1    1
  0.08785874  0.00000000   -0.03415998  0.00000000    0.06205365  0.00000000
 -0.03415998  0.00000000    0.08646692  0.00000000    0.01401246  0.00000000
  0.06205365  0.00000000    0.01401246  0.00000000    0.08720289  0.00000000

     Dynamical  Matrix in cartesian axes

     q = (    0.416666667  -0.666666667  -0.250000000 ) 

    1    1
  0.08785874  0.00000000   -0.06205365  0.00000000    0.03415998  0.00000000
 -0.06205365  0.00000000    0.08720289  0.00000000    0.01401246  0.00000000
  0.03415998  0.00000000    0.01401246  0.00000000    0.08646692  0.00000000

     Dynamical  Matrix in cartesian axes

     q = (   -0.416666667  -0.666666667   0.250000000 ) 

    1    1
  0.08785874  0.00000000    0.06205365  0.00000000    0.03415998  0.00000000
  0.06205365  0.00000000    0.08720289  0.00000000   -0.01401246  0.00000000
  0.03415998  0.00000000   -0.01401246  0.00000000    0.08646692  0.00000000

     Dynamical  Matrix in cartesian axes

     q = (    0.250000000   0.666666667  -0.416666667 ) 

    1    1
  0.08646692  0.00000000    0.01401246  0.00000000    0.03415998  0.00000000
  0.01401246  0.00000000    0.08720289  0.00000000   -0.06205365  0.00000000
  0.03415998  0.00000000   -0.06205365  0.00000000    0.08785874  0.00000000

     Dynamical  Matrix in cartesian axes

     q = (    0.416666667   0.666666667   0.250000000 ) 

    1    1
  0.08785874  0.00000000    0.06205365  0.00000000   -0.03415998  0.00000000
  0.06205365  0.00000000    0.08720289  0.00000000    0.01401246  0.00000000
 -0.03415998  0.00000000    0.01401246  0.00000000    0.08646692  0.00000000

     Dynamical  Matrix in cartesian axes

     q = (    0.250000000   0.416666667   0.666666667 ) 

    1    1
  0.08646692  0.00000000   -0.03415998  0.00000000    0.01401246  0.00000000
 -0.03415998  0.00000000    0.08785874  0.00000000    0.06205365  0.00000000
  0.01401246  0.00000000    0.06205365  0.00000000    0.08720289  0.00000000

     Dynamical  Matrix in cartesian axes

     q = (    0.250000000  -0.416666667  -0.666666667 ) 

    1    1
  0.08646692  0.00000000    0.03415998  0.00000000   -0.01401246  0.00000000
  0.03415998  0.00000000    0.08785874  0.00000000    0.06205365  0.00000000
 -0.01401246  0.00000000    0.06205365  0.00000000    0.08720289  0.00000000

     Dynamical  Matrix in cartesian axes

     q = (   -0.666666667   0.250000000   0.416666667 ) 

    1    1
  0.08720289  0.00000000   -0.01401246  0.00000000   -0.06205365  0.00000000
 -0.01401246  0.00000000    0.08646692  0.00000000   -0.03415998  0.00000000
 -0.06205365  0.00000000   -0.03415998  0.00000000    0.08785874  0.00000000

     Dynamical  Matrix in cartesian axes

     q = (   -0.250000000   0.666666667   0.416666667 ) 

    1    1
  0.08646692  0.00000000   -0.01401246  0.00000000    0.03415998  0.00000000
 -0.01401246  0.00000000    0.08720289  0.00000000    0.06205365  0.00000000
  0.03415998  0.00000000    0.06205365  0.00000000    0.08785874  0.00000000

     Dynamical  Matrix in cartesian axes

     q = (   -0.416666667  -0.250000000   0.666666667 ) 

    1    1
  0.08785874  0.00000000   -0.03415998  0.00000000   -0.06205365  0.00000000
 -0.03415998  0.00000000    0.08646692  0.00000000   -0.01401246  0.00000000
 -0.06205365  0.00000000   -0.01401246  0.00000000    0.08720289  0.00000000

     Dynamical  Matrix in cartesian axes

     q = (   -0.666666667  -0.250000000  -0.416666667 ) 

    1    1
  0.08720289  0.00000000    0.01401246  0.00000000    0.06205365  0.00000000
  0.01401246  0.00000000    0.08646692  0.00000000   -0.03415998  0.00000000
  0.06205365  0.00000000   -0.03415998  0.00000000    0.08785874  0.00000000

     Dynamical  Matrix in cartesian axes

     q = (   -0.250000000  -0.416666667  -0.666666667 ) 

    1    1
  0.08646692  0.00000000   -0.03415998  0.00000000    0.01401246  0.00000000
 -0.03415998  0.00000000    0.08785874  0.00000000    0.06205365  0.00000000
  0.01401246  0.00000000    0.06205365  0.00000000    0.08720289  0.00000000

     Dynamical  Matrix in cartesian axes

     q = (    0.666666667   0.250000000  -0.416666667 ) 

    1    1
  0.08720289  0.00000000    0.01401246  0.00000000   -0.06205365  0.00000000
  0.01401246  0.00000000    0.08646692  0.00000000    0.03415998  0.00000000
 -0.06205365  0.00000000    0.03415998  0.00000000    0.08785874  0.00000000

     Dynamical  Matrix in cartesian axes

     q = (   -0.250000000   0.416666667   0.666666667 ) 

    1    1
  0.08646692  0.00000000    0.03415998  0.00000000   -0.01401246  0.00000000
  0.03415998  0.00000000    0.08785874  0.00000000    0.06205365  0.00000000
 -0.01401246  0.00000000    0.06205365  0.00000000    0.08720289  0.00000000

     Dynamical  Matrix in cartesian axes

     q = (   -0.416666667   0.666666667  -0.250000000 ) 

    1    1
  0.08785874  0.00000000   -0.06205365  0.00000000   -0.03415998  0.00000000
 -0.06205365  0.00000000    0.08720289  0.00000000   -0.01401246  0.00000000
 -0.03415998  0.00000000   -0.01401246  0.00000000    0.08646692  0.00000000

     Dynamical  Matrix in cartesian axes

     q = (    0.250000000  -0.666666667  -0.416666667 ) 

    1    1
  0.08646692  0.00000000   -0.01401246  0.00000000    0.03415998  0.00000000
 -0.01401246  0.00000000    0.08720289  0.00000000    0.06205365  0.00000000
  0.03415998  0.00000000    0.06205365  0.00000000    0.08785874  0.00000000

     Dynamical  Matrix in cartesian axes

     q = (   -0.666666667   0.250000000  -0.416666667 ) 

    1    1
  0.08720289  0.00000000   -0.01401246  0.00000000    0.06205365  0.00000000
 -0.01401246  0.00000000    0.08646692  0.00000000    0.03415998  0.00000000
  0.06205365  0.00000000    0.03415998  0.00000000    0.08785874  0.00000000

     Dynamical  Matrix in cartesian axes

     q = (    0.666666667   0.416666667   0.250000000 ) 

    1    1
  0.08720289  0.00000000    0.06205365  0.00000000    0.01401246  0.00000000
  0.06205365  0.00000000    0.08785874  0.00000000   -0.03415998  0.00000000
  0.01401246  0.00000000   -0.03415998  0.00000000    0.08646692  0.00000000

     Dynamical  Matrix in cartesian axes

     q = (   -0.416666667  -0.666666667  -0.250000000 ) 

    1    1
  0.08785874  0.00000000    0.06205365  0.00000000   -0.03415998  0.00000000
  0.06205365  0.00000000    0.08720289  0.00000000    0.01401246  0.00000000
 -0.03415998  0.00000000    0.01401246  0.00000000    0.08646692  0.00000000

     Dynamical  Matrix in cartesian axes

     q = (    0.416666667  -0.666666667   0.250000000 ) 

    1    1
  0.08785874  0.00000000   -0.06205365  0.00000000   -0.03415998  0.00000000
 -0.06205365  0.00000000    0.08720289  0.00000000   -0.01401246  0.00000000
 -0.03415998  0.00000000   -0.01401246  0.00000000    0.08646692  0.00000000

     Dynamical  Matrix in cartesian axes

     q = (   -0.416666667   0.666666667   0.250000000 ) 

    1    1
  0.08785874  0.00000000   -0.06205365  0.00000000    0.03415998  0.00000000
 -0.06205365  0.00000000    0.08720289  0.00000000    0.01401246  0.00000000
  0.03415998  0.00000000    0.01401246  0.00000000    0.08646692  0.00000000

     Dynamical  Matrix in cartesian axes

     q = (    0.416666667   0.666666667  -0.250000000 ) 

    1    1
  0.08785874  0.00000000    0.06205365  0.00000000    0.03415998  0.00000000
  0.06205365  0.00000000    0.08720289  0.00000000   -0.01401246  0.00000000
  0.03415998  0.00000000   -0.01401246  0.00000000    0.08646692  0.00000000

     Dynamical  Matrix in cartesian axes

     q = (    0.666666667  -0.250000000   0.416666667 ) 

    1    1
  0.08720289  0.00000000   -0.01401246  0.00000000    0.06205365  0.00000000
 -0.01401246  0.00000000    0.08646692  0.00000000    0.03415998  0.00000000
  0.06205365  0.00000000    0.03415998  0.00000000    0.08785874  0.00000000

     Dynamical  Matrix in cartesian axes

     q = (   -0.666666667   0.416666667   0.250000000 ) 

    1    1
  0.08720289  0.00000000   -0.06205365  0.00000000   -0.01401246  0.00000000
 -0.06205365  0.00000000    0.08785874  0.00000000   -0.03415998  0.00000000
 -0.01401246  0.00000000   -0.03415998  0.00000000    0.08646692  0.00000000

     Dynamical  Matrix in cartesian axes

     q = (    0.666666667   0.416666667  -0.250000000 ) 

    1    1
  0.08720289  0.00000000    0.06205365  0.00000000   -0.01401246  0.00000000
  0.06205365  0.00000000    0.08785874  0.00000000    0.03415998  0.00000000
 -0.01401246  0.00000000    0.03415998  0.00000000    0.08646692  0.00000000

     Dynamical  Matrix in cartesian axes

     q = (   -0.666666667  -0.416666667  -0.250000000 ) 

    1    1
  0.08720289  0.00000000    0.06205365  0.00000000    0.01401246  0.00000000
  0.06205365  0.00000000    0.08785874  0.00000000   -0.03415998  0.00000000
  0.01401246  0.00000000   -0.03415998  0.00000000    0.08646692  0.00000000

     Dynamical  Matrix in cartesian axes

     q = (    0.666666667  -0.416666667   0.250000000 ) 

    1    1
  0.08720289  0.00000000   -0.06205365  0.00000000    0.01401246  0.00000000
 -0.06205365  0.00000000    0.08785874  0.00000000    0.03415998  0.00000000
  0.01401246  0.00000000    0.03415998  0.00000000    0.08646692  0.00000000

     Dynamical  Matrix in cartesian axes

     q = (    0.416666667   0.250000000  -0.666666667 ) 

    1    1
  0.08785874  0.00000000   -0.03415998  0.00000000   -0.06205365  0.00000000
 -0.03415998  0.00000000    0.08646692  0.00000000   -0.01401246  0.00000000
 -0.06205365  0.00000000   -0.01401246  0.00000000    0.08720289  0.00000000

     Dynamical  Matrix in cartesian axes

     q = (    0.416666667  -0.250000000   0.666666667 ) 

    1    1
  0.08785874  0.00000000    0.03415998  0.00000000    0.06205365  0.00000000
  0.03415998  0.00000000    0.08646692  0.00000000   -0.01401246  0.00000000
  0.06205365  0.00000000   -0.01401246  0.00000000    0.08720289  0.00000000

     Dynamical  Matrix in cartesian axes

     q = (   -0.416666667  -0.250000000  -0.666666667 ) 

    1    1
  0.08785874  0.00000000   -0.03415998  0.00000000    0.06205365  0.00000000
 -0.03415998  0.00000000    0.08646692  0.00000000    0.01401246  0.00000000
  0.06205365  0.00000000    0.01401246  0.00000000    0.08720289  0.00000000

     Dynamical  Matrix in cartesian axes

     q = (   -0.416666667   0.250000000   0.666666667 ) 

    1    1
  0.08785874  0.00000000    0.03415998  0.00000000   -0.06205365  0.00000000
  0.03415998  0.00000000    0.08646692  0.00000000    0.01401246  0.00000000
 -0.06205365  0.00000000    0.01401246  0.00000000    0.08720289  0.00000000

     Diagonalizing the dynamical matrix

     q = (   -0.250000000   0.666666667  -0.416666667 ) 

 **************************************************************************
     freq (    1) =       2.101216 [THz] =      70.089024 [cm-1]
 ( -0.412944  0.000000 -0.615083  0.000000 -0.671677  0.000000 ) 
     freq (    2) =       6.578798 [THz] =     219.445091 [cm-1]
 (  0.878303  0.000000 -0.464064  0.000000 -0.115014  0.000000 ) 
     freq (    3) =       8.209845 [THz] =     273.850942 [cm-1]
 ( -0.240958  0.000000 -0.637430  0.000000  0.731862  0.000000 ) 
 **************************************************************************
