Dynamical matrix file
                                                                           
  1    1  3  6.1240000  0.0000000  0.0000000  0.0000000  0.0000000  0.0000000
           1  'Al  '    24592.588541212976     
    1    1      0.0000000000      0.0000000000      0.0000000000

     Dynamical  Matrix in cartesian axes

     q = (   -0.083333333   0.833333333  -0.250000000 ) 

    1    1
  0.12268200  0.00000000   -0.00866984  0.00000000   -0.01375306  0.00000000
 -0.00866984  0.00000000    0.12618500  0.00000000   -0.03030612  0.00000000
 -0.01375306  0.00000000   -0.03030612  0.00000000    0.13084802  0.00000000

     Dynamical  Matrix in cartesian axes

     q = (    0.833333333  -0.083333333  -0.250000000 ) 

    1    1
  0.12618500  0.00000000   -0.00866984  0.00000000   -0.03030612  0.00000000
 -0.00866984  0.00000000    0.12268200  0.00000000   -0.01375306  0.00000000
 -0.03030612  0.00000000   -0.01375306  0.00000000    0.13084802  0.00000000

     Dynamical  Matrix in cartesian axes

     q = (    0.083333333  -0.250000000   0.833333333 ) 

    1    1
  0.12268200  0.00000000    0.01375306  0.00000000    0.00866984  0.00000000
  0.01375306  0.00000000    0.13084802  0.00000000   -0.03030612  0.00000000
  0.00866984  0.00000000   -0.03030612  0.00000000    0.12618500  0.00000000

     Dynamical  Matrix in cartesian axes

     q = (   -0.083333333  -0.250000000   0.833333333 ) 

    1    1
  0.12268200  0.00000000   -0.01375306  0.00000000   -0.00866984  0.00000000
 -0.01375306  0.00000000    0.13084802  0.00000000   -0.03030612  0.00000000
 -0.00866984  0.00000000   -0.03030612  0.00000000    0.12618500  0.00000000

     Dynamical  Matrix in cartesian axes

     q = (    0.833333333   0.083333333  -0.250000000 ) 

    1    1
  0.12618500  0.00000000    0.00866984  0.00000000   -0.03030612  0.00000000
  0.00866984  0.00000000    0.12268200  0.00000000    0.01375306  0.00000000
 -0.03030612  0.00000000    0.01375306  0.00000000    0.13084802  0.00000000

     Dynamical  Matrix in cartesian axes

     q = (    0.083333333  -0.833333333  -0.250000000 ) 

    1    1
  0.12268200  0.00000000   -0.00866984  0.00000000    0.01375306  0.00000000
 -0.00866984  0.00000000    0.12618500  0.00000000    0.03030612  0.00000000
  0.01375306  0.00000000    0.03030612  0.00000000    0.13084802  0.00000000

     Dynamical  Matrix in cartesian axes

     q = (   -0.083333333  -0.833333333  -0.250000000 ) 

    1    1
  0.12268200  0.00000000    0.00866984  0.00000000   -0.01375306  0.00000000
  0.00866984  0.00000000    0.12618500  0.00000000    0.03030612  0.00000000
 -0.01375306  0.00000000    0.03030612  0.00000000    0.13084802  0.00000000

     Dynamical  Matrix in cartesian axes

     q = (   -0.833333333  -0.083333333  -0.250000000 ) 

    1    1
  0.12618500  0.00000000    0.00866984  0.00000000    0.03030612  0.00000000
  0.00866984  0.00000000    0.12268200  0.00000000   -0.01375306  0.00000000
  0.03030612  0.00000000   -0.01375306  0.00000000    0.13084802  0.00000000

     Dynamical  Matrix in cartesian axes

     q = (   -0.833333333   0.250000000  -0.083333333 ) 

    1    1
  0.12618500  0.00000000   -0.03030612  0.00000000    0.00866984  0.00000000
 -0.03030612  0.00000000    0.13084802  0.00000000    0.01375306  0.00000000
  0.00866984  0.00000000    0.01375306  0.00000000    0.12268200  0.00000000

     Dynamical  Matrix in cartesian axes

     q = (    0.250000000   0.083333333   0.833333333 ) 

    1    1
  0.13084802  0.00000000   -0.01375306  0.00000000    0.03030612  0.00000000
 -0.01375306  0.00000000    0.12268200  0.00000000    0.00866984  0.00000000
  0.03030612  0.00000000    0.00866984  0.00000000    0.12618500  0.00000000

     Dynamical  Matrix in cartesian axes

     q = (   -0.250000000   0.083333333  -0.833333333 ) 

    1    1
  0.13084802  0.00000000    0.01375306  0.00000000    0.03030612  0.00000000
  0.01375306  0.00000000    0.12268200  0.00000000   -0.00866984  0.00000000
  0.03030612  0.00000000   -0.00866984  0.00000000    0.12618500  0.00000000

     Dynamical  Matrix in cartesian axes

     q = (    0.083333333   0.833333333  -0.250000000 ) 

    1    1
  0.12268200  0.00000000    0.00866984  0.00000000    0.01375306  0.00000000
  0.00866984  0.00000000    0.12618500  0.00000000   -0.03030612  0.00000000
  0.01375306  0.00000000   -0.03030612  0.00000000    0.13084802  0.00000000

     Dynamical  Matrix in cartesian axes

     q = (    0.250000000  -0.083333333  -0.833333333 ) 

    1    1
  0.13084802  0.00000000    0.01375306  0.00000000   -0.03030612  0.00000000
  0.01375306  0.00000000    0.12268200  0.00000000    0.00866984  0.00000000
 -0.03030612  0.00000000    0.00866984  0.00000000    0.12618500  0.00000000

     Dynamical  Matrix in cartesian axes

     q = (    0.083333333   0.833333333   0.250000000 ) 

    1    1
  0.12268200  0.00000000    0.00866984  0.00000000   -0.01375306  0.00000000
  0.00866984  0.00000000    0.12618500  0.00000000    0.03030612  0.00000000
 -0.01375306  0.00000000    0.03030612  0.00000000    0.13084802  0.00000000

     Dynamical  Matrix in cartesian axes

     q = (   -0.083333333   0.250000000  -0.833333333 ) 

    1    1
  0.12268200  0.00000000    0.01375306  0.00000000    0.00866984  0.00000000
  0.01375306  0.00000000    0.13084802  0.00000000   -0.03030612  0.00000000
  0.00866984  0.00000000   -0.03030612  0.00000000    0.12618500  0.00000000

     Dynamical  Matrix in cartesian axes

     q = (   -0.833333333  -0.083333333   0.250000000 ) 

    1    1
  0.12618500  0.00000000    0.00866984  0.00000000   -0.03030612  0.00000000
  0.00866984  0.00000000    0.12268200  0.00000000    0.01375306  0.00000000
 -0.03030612  0.00000000    0.01375306  0.00000000    0.13084802  0.00000000

     Dynamical  Matrix in cartesian axes

     q = (    0.833333333   0.083333333   0.250000000 ) 

    1    1
  0.12618500  0.00000000    0.00866984  0.00000000    0.03030612  0.00000000
  0.00866984  0.00000000    0.12268200  0.00000000   -0.01375306  0.00000000
  0.03030612  0.00000000   -0.01375306  0.00000000    0.13084802  0.00000000

     Dynamical  Matrix in cartesian axes

     q = (    0.250000000   0.833333333   0.083333333 ) 

    1    1
  0.13084802  0.00000000    0.03030612  0.00000000   -0.01375306  0.00000000
  0.03030612  0.00000000    0.12618500  0.00000000    0.00866984  0.00000000
 -0.01375306  0.00000000    0.00866984  0.00000000    0.12268200  0.00000000

     Dynamical  Matrix in cartesian axes

     q = (    0.250000000  -0.833333333  -0.083333333 ) 

    1    1
  0.13084802  0.00000000   -0.03030612  0.00000000    0.01375306  0.00000000
 -0.03030612  0.00000000    0.12618500  0.00000000    0.00866984  0.00000000
  0.01375306  0.00000000    0.00866984  0.00000000    0.12268200  0.00000000

     Dynamical  Matrix in cartesian axes

     q = (   -0.250000000  -0.833333333   0.083333333 ) 

    1    1
  0.13084802  0.00000000    0.03030612  0.00000000    0.01375306  0.00000000
  0.03030612  0.00000000    0.12618500  0.00000000   -0.00866984  0.00000000
  0.01375306  0.00000000   -0.00866984  0.00000000    0.12268200  0.00000000

     Dynamical  Matrix in cartesian axes

     q = (    0.833333333  -0.250000000  -0.083333333 ) 

    1    1
  0.12618500  0.00000000   -0.03030612  0.00000000   -0.00866984  0.00000000
 -0.03030612  0.00000000    0.13084802  0.00000000   -0.01375306  0.00000000
 -0.00866984  0.00000000   -0.01375306  0.00000000    0.12268200  0.00000000

     Dynamical  Matrix in cartesian axes

     q = (   -0.833333333   0.083333333  -0.250000000 ) 

    1    1
  0.12618500  0.00000000   -0.00866984  0.00000000    0.03030612  0.00000000
 -0.00866984  0.00000000    0.12268200  0.00000000    0.01375306  0.00000000
  0.03030612  0.00000000    0.01375306  0.00000000    0.13084802  0.00000000

     Dynamical  Matrix in cartesian axes

     q = (    0.083333333   0.250000000   0.833333333 ) 

    1    1
  0.12268200  0.00000000   -0.01375306  0.00000000    0.00866984  0.00000000
 -0.01375306  0.00000000    0.13084802  0.00000000    0.03030612  0.00000000
  0.00866984  0.00000000    0.03030612  0.00000000    0.12618500  0.00000000

     Dynamical  Matrix in cartesian axes

     q = (    0.083333333  -0.250000000  -0.833333333 ) 

    1    1
  0.12268200  0.00000000    0.01375306  0.00000000   -0.00866984  0.00000000
  0.01375306  0.00000000    0.13084802  0.00000000    0.03030612  0.00000000
 -0.00866984  0.00000000    0.03030612  0.00000000    0.12618500  0.00000000

     Dynamical  Matrix in cartesian axes

     q = (   -0.833333333   0.083333333   0.250000000 ) 

    1    1
  0.12618500  0.00000000   -0.00866984  0.00000000   -0.03030612  0.00000000
 -0.00866984  0.00000000    0.12268200  0.00000000   -0.01375306  0.00000000
 -0.03030612  0.00000000   -0.01375306  0.00000000    0.13084802  0.00000000

     Dynamical  Matrix in cartesian axes

     q = (   -0.083333333   0.833333333   0.250000000 ) 

    1    1
  0.12268200  0.00000000   -0.00866984  0.00000000    0.01375306  0.00000000
 -0.00866984  0.00000000    0.12618500  0.00000000    0.03030612  0.00000000
  0.01375306  0.00000000    0.03030612  0.00000000    0.13084802  0.00000000

     Dynamical  Matrix in cartesian axes

     q = (   -0.083333333  -0.833333333   0.250000000 ) 

    1    1
  0.12268200  0.00000000    0.00866984  0.00000000    0.01375306  0.00000000
  0.00866984  0.00000000    0.12618500  0.00000000   -0.03030612  0.00000000
  0.01375306  0.00000000   -0.03030612  0.00000000    0.13084802  0.00000000

     Dynamical  Matrix in cartesian axes

     q = (   -0.250000000  -0.083333333   0.833333333 ) 

    1    1
  0.13084802  0.00000000   -0.01375306  0.00000000   -0.03030612  0.00000000
 -0.01375306  0.00000000    0.12268200  0.00000000   -0.00866984  0.00000000
 -0.03030612  0.00000000   -0.00866984  0.00000000    0.12618500  0.00000000

     Dynamical  Matrix in cartesian axes

     q = (   -0.083333333  -0.250000000  -0.833333333 ) 

    1    1
  0.12268200  0.00000000   -0.01375306  0.00000000    0.00866984  0.00000000
 -0.01375306  0.00000000    0.13084802  0.00000000    0.03030612  0.00000000
  0.00866984  0.00000000    0.03030612  0.00000000    0.12618500  0.00000000

     Dynamical  Matrix in cartesian axes

     q = (   -0.250000000   0.833333333  -0.083333333 ) 

    1    1
  0.13084802  0.00000000   -0.03030612  0.00000000   -0.01375306  0.00000000
 -0.03030612  0.00000000    0.12618500  0.00000000   -0.00866984  0.00000000
 -0.01375306  0.00000000   -0.00866984  0.00000000    0.12268200  0.00000000

     Dynamical  Matrix in cartesian axes

     q = (   -0.083333333   0.250000000   0.833333333 ) 

    1    1
  0.12268200  0.00000000    0.01375306  0.00000000   -0.00866984  0.00000000
  0.01375306  0.00000000    0.13084802  0.00000000    0.03030612  0.00000000
 -0.00866984  0.00000000    0.03030612  0.00000000    0.12618500  0.00000000

     Dynamical  Matrix in cartesian axes

     q = (    0.083333333   0.250000000  -0.833333333 ) 

    1    1
  0.12268200  0.00000000   -0.01375306  0.00000000   -0.00866984  0.00000000
 -0.01375306  0.00000000    0.13084802  0.00000000   -0.03030612  0.00000000
 -0.00866984  0.00000000   -0.03030612  0.00000000    0.12618500  0.00000000

     Dynamical  Matrix in cartesian axes

     q = (   -0.833333333  -0.250000000   0.083333333 ) 

    1    1
  0.12618500  0.00000000    0.03030612  0.00000000   -0.00866984  0.00000000
  0.03030612  0.00000000    0.13084802  0.00000000    0.01375306  0.00000000
 -0.00866984  0.00000000    0.01375306  0.00000000    0.12268200  0.00000000

     Dynamical  Matrix in cartesian axes

     q = (    0.083333333  -0.833333333   0.250000000 ) 

    1    1
  0.12268200  0.00000000   -0.00866984  0.00000000   -0.01375306  0.00000000
 -0.00866984  0.00000000    0.12618500  0.00000000   -0.03030612  0.00000000
 -0.01375306  0.00000000   -0.03030612  0.00000000    0.13084802  0.00000000

     Dynamical  Matrix in cartesian axes

     q = (    0.833333333   0.250000000   0.083333333 ) 

    1    1
  0.12618500  0.00000000    0.03030612  0.00000000    0.00866984  0.00000000
  0.03030612  0.00000000    0.13084802  0.00000000   -0.01375306  0.00000000
  0.00866984  0.00000000   -0.01375306  0.00000000    0.12268200  0.00000000

     Dynamical  Matrix in cartesian axes

     q = (   -0.250000000  -0.833333333  -0.083333333 ) 

    1    1
  0.13084802  0.00000000    0.03030612  0.00000000   -0.01375306  0.00000000
  0.03030612  0.00000000    0.12618500  0.00000000    0.00866984  0.00000000
 -0.01375306  0.00000000    0.00866984  0.00000000    0.12268200  0.00000000

     Dynamical  Matrix in cartesian axes

     q = (    0.250000000  -0.833333333   0.083333333 ) 

    1    1
  0.13084802  0.00000000   -0.03030612  0.00000000   -0.01375306  0.00000000
 -0.03030612  0.00000000    0.12618500  0.00000000   -0.00866984  0.00000000
 -0.01375306  0.00000000   -0.00866984  0.00000000    0.12268200  0.00000000

     Dynamical  Matrix in cartesian axes

     q = (   -0.250000000   0.833333333   0.083333333 ) 

    1    1
  0.13084802  0.00000000   -0.03030612  0.00000000    0.01375306  0.00000000
 -0.03030612  0.00000000    0.12618500  0.00000000    0.00866984  0.00000000
  0.01375306  0.00000000    0.00866984  0.00000000    0.12268200  0.00000000

     Dynamical  Matrix in cartesian axes

     q = (    0.250000000   0.833333333  -0.083333333 ) 

    1    1
  0.13084802  0.00000000    0.03030612  0.00000000    0.01375306  0.00000000
  0.03030612  0.00000000    0.12618500  0.00000000   -0.00866984  0.00000000
  0.01375306  0.00000000   -0.00866984  0.00000000    0.12268200  0.00000000

     Dynamical  Matrix in cartesian axes

     q = (    0.833333333  -0.083333333   0.250000000 ) 

    1    1
  0.12618500  0.00000000   -0.00866984  0.00000000    0.03030612  0.00000000
 -0.00866984  0.00000000    0.12268200  0.00000000    0.01375306  0.00000000
  0.03030612  0.00000000    0.01375306  0.00000000    0.13084802  0.00000000

     Dynamical  Matrix in cartesian axes

     q = (   -0.833333333   0.250000000   0.083333333 ) 

    1    1
  0.12618500  0.00000000   -0.03030612  0.00000000   -0.00866984  0.00000000
 -0.03030612  0.00000000    0.13084802  0.00000000   -0.01375306  0.00000000
 -0.00866984  0.00000000   -0.01375306  0.00000000    0.12268200  0.00000000

     Dynamical  Matrix in cartesian axes

     q = (    0.833333333   0.250000000  -0.083333333 ) 

    1    1
  0.12618500  0.00000000    0.03030612  0.00000000   -0.00866984  0.00000000
  0.03030612  0.00000000    0.13084802  0.00000000    0.01375306  0.00000000
 -0.00866984  0.00000000    0.01375306  0.00000000    0.12268200  0.00000000

     Dynamical  Matrix in cartesian axes

     q = (   -0.833333333  -0.250000000  -0.083333333 ) 

    1    1
  0.12618500  0.00000000    0.03030612  0.00000000    0.00866984  0.00000000
  0.03030612  0.00000000    0.13084802  0.00000000   -0.01375306  0.00000000
  0.00866984  0.00000000   -0.01375306  0.00000000    0.12268200  0.00000000

     Dynamical  Matrix in cartesian axes

     q = (    0.833333333  -0.250000000   0.083333333 ) 

    1    1
  0.12618500  0.00000000   -0.03030612  0.00000000    0.00866984  0.00000000
 -0.03030612  0.00000000    0.13084802  0.00000000    0.01375306  0.00000000
  0.00866984  0.00000000    0.01375306  0.00000000    0.12268200  0.00000000

     Dynamical  Matrix in cartesian axes

     q = (    0.250000000   0.083333333  -0.833333333 ) 

    1    1
  0.13084802  0.00000000   -0.01375306  0.00000000   -0.03030612  0.00000000
 -0.01375306  0.00000000    0.12268200  0.00000000   -0.00866984  0.00000000
 -0.03030612  0.00000000   -0.00866984  0.00000000    0.12618500  0.00000000

     Dynamical  Matrix in cartesian axes

     q = (    0.250000000  -0.083333333   0.833333333 ) 

    1    1
  0.13084802  0.00000000    0.01375306  0.00000000    0.03030612  0.00000000
  0.01375306  0.00000000    0.12268200  0.00000000   -0.00866984  0.00000000
  0.03030612  0.00000000   -0.00866984  0.00000000    0.12618500  0.00000000

     Dynamical  Matrix in cartesian axes

     q = (   -0.250000000  -0.083333333  -0.833333333 ) 

    1    1
  0.13084802  0.00000000   -0.01375306  0.00000000    0.03030612  0.00000000
 -0.01375306  0.00000000    0.12268200  0.00000000    0.00866984  0.00000000
  0.03030612  0.00000000    0.00866984  0.00000000    0.12618500  0.00000000

     Dynamical  Matrix in cartesian axes

     q = (   -0.250000000   0.083333333   0.833333333 ) 

    1    1
  0.13084802  0.00000000    0.01375306  0.00000000   -0.03030612  0.00000000
  0.01375306  0.00000000    0.12268200  0.00000000    0.00866984  0.00000000
 -0.03030612  0.00000000    0.00866984  0.00000000    0.12618500  0.00000000

     Diagonalizing the dynamical matrix

     q = (   -0.083333333   0.833333333  -0.250000000 ) 

 **************************************************************************
     freq (    1) =       6.308012 [THz] =     210.412621 [cm-1]
 (  0.440329 -0.000000  0.640121 -0.000000  0.629567  0.000000 ) 
     freq (    2) =       7.559496 [THz] =     252.157641 [cm-1]
 (  0.888787  0.000000 -0.410080  0.000000 -0.204677  0.000000 ) 
     freq (    3) =       8.376960 [THz] =     279.425313 [cm-1]
 ( -0.127155  0.000000 -0.649676  0.000000  0.749502 -0.000000 ) 
 **************************************************************************
