Dynamical matrix file
                                                                           
  1    1  3  6.1240000  0.0000000  0.0000000  0.0000000  0.0000000  0.0000000
           1  'Al  '    24592.588541212976     
    1    1      0.0000000000      0.0000000000      0.0000000000

     Dynamical  Matrix in cartesian axes

     q = (    0.583333333  -0.666666667   0.250000000 ) 

    1    1
  0.07406667  0.00000000   -0.06508224  0.00000000   -0.03872231  0.00000000
 -0.06508224  0.00000000    0.07167382  0.00000000    0.02037837  0.00000000
 -0.03872231  0.00000000    0.02037837  0.00000000    0.07122400  0.00000000

     Dynamical  Matrix in cartesian axes

     q = (    0.666666667  -0.583333333   0.250000000 ) 

    1    1
  0.07167382  0.00000000   -0.06508224  0.00000000   -0.02037837  0.00000000
 -0.06508224  0.00000000    0.07406667  0.00000000    0.03872231  0.00000000
 -0.02037837  0.00000000    0.03872231  0.00000000    0.07122400  0.00000000

     Dynamical  Matrix in cartesian axes

     q = (    0.583333333   0.250000000  -0.666666667 ) 

    1    1
  0.07406667  0.00000000   -0.03872231  0.00000000   -0.06508224  0.00000000
 -0.03872231  0.00000000    0.07122400  0.00000000    0.02037837  0.00000000
 -0.06508224  0.00000000    0.02037837  0.00000000    0.07167382  0.00000000

     Dynamical  Matrix in cartesian axes

     q = (    0.666666667   0.250000000  -0.583333333 ) 

    1    1
  0.07167382  0.00000000   -0.02037837  0.00000000   -0.06508224  0.00000000
 -0.02037837  0.00000000    0.07122400  0.00000000    0.03872231  0.00000000
 -0.06508224  0.00000000    0.03872231  0.00000000    0.07406667  0.00000000

     Dynamical  Matrix in cartesian axes

     q = (   -0.250000000  -0.583333333  -0.666666667 ) 

    1    1
  0.07122400  0.00000000   -0.03872231  0.00000000   -0.02037837  0.00000000
 -0.03872231  0.00000000    0.07406667  0.00000000    0.06508224  0.00000000
 -0.02037837  0.00000000    0.06508224  0.00000000    0.07167382  0.00000000

     Dynamical  Matrix in cartesian axes

     q = (   -0.250000000  -0.666666667  -0.583333333 ) 

    1    1
  0.07122400  0.00000000   -0.02037837  0.00000000   -0.03872231  0.00000000
 -0.02037837  0.00000000    0.07167382  0.00000000    0.06508224  0.00000000
 -0.03872231  0.00000000    0.06508224  0.00000000    0.07406667  0.00000000

     Dynamical  Matrix in cartesian axes

     q = (   -0.583333333   0.666666667   0.250000000 ) 

    1    1
  0.07406667  0.00000000   -0.06508224  0.00000000    0.03872231  0.00000000
 -0.06508224  0.00000000    0.07167382  0.00000000   -0.02037837  0.00000000
  0.03872231  0.00000000   -0.02037837  0.00000000    0.07122400  0.00000000

     Dynamical  Matrix in cartesian axes

     q = (   -0.666666667   0.583333333   0.250000000 ) 

    1    1
  0.07167382  0.00000000   -0.06508224  0.00000000    0.02037837  0.00000000
 -0.06508224  0.00000000    0.07406667  0.00000000   -0.03872231  0.00000000
  0.02037837  0.00000000   -0.03872231  0.00000000    0.07122400  0.00000000

     Dynamical  Matrix in cartesian axes

     q = (    0.666666667  -0.250000000   0.583333333 ) 

    1    1
  0.07167382  0.00000000    0.02037837  0.00000000    0.06508224  0.00000000
  0.02037837  0.00000000    0.07122400  0.00000000    0.03872231  0.00000000
  0.06508224  0.00000000    0.03872231  0.00000000    0.07406667  0.00000000

     Dynamical  Matrix in cartesian axes

     q = (   -0.583333333   0.250000000  -0.666666667 ) 

    1    1
  0.07406667  0.00000000    0.03872231  0.00000000    0.06508224  0.00000000
  0.03872231  0.00000000    0.07122400  0.00000000    0.02037837  0.00000000
  0.06508224  0.00000000    0.02037837  0.00000000    0.07167382  0.00000000

     Dynamical  Matrix in cartesian axes

     q = (    0.250000000  -0.583333333   0.666666667 ) 

    1    1
  0.07122400  0.00000000    0.03872231  0.00000000   -0.02037837  0.00000000
  0.03872231  0.00000000    0.07406667  0.00000000   -0.06508224  0.00000000
 -0.02037837  0.00000000   -0.06508224  0.00000000    0.07167382  0.00000000

     Dynamical  Matrix in cartesian axes

     q = (    0.583333333   0.666666667   0.250000000 ) 

    1    1
  0.07406667  0.00000000    0.06508224  0.00000000   -0.03872231  0.00000000
  0.06508224  0.00000000    0.07167382  0.00000000   -0.02037837  0.00000000
 -0.03872231  0.00000000   -0.02037837  0.00000000    0.07122400  0.00000000

     Dynamical  Matrix in cartesian axes

     q = (   -0.250000000   0.583333333   0.666666667 ) 

    1    1
  0.07122400  0.00000000    0.03872231  0.00000000    0.02037837  0.00000000
  0.03872231  0.00000000    0.07406667  0.00000000    0.06508224  0.00000000
  0.02037837  0.00000000    0.06508224  0.00000000    0.07167382  0.00000000

     Dynamical  Matrix in cartesian axes

     q = (   -0.583333333  -0.666666667  -0.250000000 ) 

    1    1
  0.07406667  0.00000000    0.06508224  0.00000000   -0.03872231  0.00000000
  0.06508224  0.00000000    0.07167382  0.00000000   -0.02037837  0.00000000
 -0.03872231  0.00000000   -0.02037837  0.00000000    0.07122400  0.00000000

     Dynamical  Matrix in cartesian axes

     q = (    0.583333333  -0.250000000   0.666666667 ) 

    1    1
  0.07406667  0.00000000    0.03872231  0.00000000    0.06508224  0.00000000
  0.03872231  0.00000000    0.07122400  0.00000000    0.02037837  0.00000000
  0.06508224  0.00000000    0.02037837  0.00000000    0.07167382  0.00000000

     Dynamical  Matrix in cartesian axes

     q = (    0.666666667   0.583333333  -0.250000000 ) 

    1    1
  0.07167382  0.00000000    0.06508224  0.00000000    0.02037837  0.00000000
  0.06508224  0.00000000    0.07406667  0.00000000    0.03872231  0.00000000
  0.02037837  0.00000000    0.03872231  0.00000000    0.07122400  0.00000000

     Dynamical  Matrix in cartesian axes

     q = (   -0.666666667  -0.583333333  -0.250000000 ) 

    1    1
  0.07167382  0.00000000    0.06508224  0.00000000   -0.02037837  0.00000000
  0.06508224  0.00000000    0.07406667  0.00000000   -0.03872231  0.00000000
 -0.02037837  0.00000000   -0.03872231  0.00000000    0.07122400  0.00000000

     Dynamical  Matrix in cartesian axes

     q = (    0.666666667   0.583333333   0.250000000 ) 

    1    1
  0.07167382  0.00000000    0.06508224  0.00000000   -0.02037837  0.00000000
  0.06508224  0.00000000    0.07406667  0.00000000   -0.03872231  0.00000000
 -0.02037837  0.00000000   -0.03872231  0.00000000    0.07122400  0.00000000

     Dynamical  Matrix in cartesian axes

     q = (   -0.250000000   0.666666667   0.583333333 ) 

    1    1
  0.07122400  0.00000000    0.02037837  0.00000000    0.03872231  0.00000000
  0.02037837  0.00000000    0.07167382  0.00000000    0.06508224  0.00000000
  0.03872231  0.00000000    0.06508224  0.00000000    0.07406667  0.00000000

     Dynamical  Matrix in cartesian axes

     q = (    0.250000000   0.666666667  -0.583333333 ) 

    1    1
  0.07122400  0.00000000   -0.02037837  0.00000000    0.03872231  0.00000000
 -0.02037837  0.00000000    0.07167382  0.00000000   -0.06508224  0.00000000
  0.03872231  0.00000000   -0.06508224  0.00000000    0.07406667  0.00000000

     Dynamical  Matrix in cartesian axes

     q = (   -0.666666667   0.250000000   0.583333333 ) 

    1    1
  0.07167382  0.00000000    0.02037837  0.00000000   -0.06508224  0.00000000
  0.02037837  0.00000000    0.07122400  0.00000000   -0.03872231  0.00000000
 -0.06508224  0.00000000   -0.03872231  0.00000000    0.07406667  0.00000000

     Dynamical  Matrix in cartesian axes

     q = (   -0.666666667  -0.583333333   0.250000000 ) 

    1    1
  0.07167382  0.00000000    0.06508224  0.00000000    0.02037837  0.00000000
  0.06508224  0.00000000    0.07406667  0.00000000    0.03872231  0.00000000
  0.02037837  0.00000000    0.03872231  0.00000000    0.07122400  0.00000000

     Dynamical  Matrix in cartesian axes

     q = (   -0.583333333  -0.250000000  -0.666666667 ) 

    1    1
  0.07406667  0.00000000   -0.03872231  0.00000000    0.06508224  0.00000000
 -0.03872231  0.00000000    0.07122400  0.00000000   -0.02037837  0.00000000
  0.06508224  0.00000000   -0.02037837  0.00000000    0.07167382  0.00000000

     Dynamical  Matrix in cartesian axes

     q = (   -0.583333333   0.250000000   0.666666667 ) 

    1    1
  0.07406667  0.00000000    0.03872231  0.00000000   -0.06508224  0.00000000
  0.03872231  0.00000000    0.07122400  0.00000000   -0.02037837  0.00000000
 -0.06508224  0.00000000   -0.02037837  0.00000000    0.07167382  0.00000000

     Dynamical  Matrix in cartesian axes

     q = (    0.666666667  -0.583333333  -0.250000000 ) 

    1    1
  0.07167382  0.00000000   -0.06508224  0.00000000    0.02037837  0.00000000
 -0.06508224  0.00000000    0.07406667  0.00000000   -0.03872231  0.00000000
  0.02037837  0.00000000   -0.03872231  0.00000000    0.07122400  0.00000000

     Dynamical  Matrix in cartesian axes

     q = (    0.583333333  -0.666666667  -0.250000000 ) 

    1    1
  0.07406667  0.00000000   -0.06508224  0.00000000    0.03872231  0.00000000
 -0.06508224  0.00000000    0.07167382  0.00000000   -0.02037837  0.00000000
  0.03872231  0.00000000   -0.02037837  0.00000000    0.07122400  0.00000000

     Dynamical  Matrix in cartesian axes

     q = (    0.583333333   0.666666667  -0.250000000 ) 

    1    1
  0.07406667  0.00000000    0.06508224  0.00000000    0.03872231  0.00000000
  0.06508224  0.00000000    0.07167382  0.00000000    0.02037837  0.00000000
  0.03872231  0.00000000    0.02037837  0.00000000    0.07122400  0.00000000

     Dynamical  Matrix in cartesian axes

     q = (    0.250000000   0.583333333  -0.666666667 ) 

    1    1
  0.07122400  0.00000000   -0.03872231  0.00000000    0.02037837  0.00000000
 -0.03872231  0.00000000    0.07406667  0.00000000   -0.06508224  0.00000000
  0.02037837  0.00000000   -0.06508224  0.00000000    0.07167382  0.00000000

     Dynamical  Matrix in cartesian axes

     q = (    0.583333333   0.250000000   0.666666667 ) 

    1    1
  0.07406667  0.00000000   -0.03872231  0.00000000    0.06508224  0.00000000
 -0.03872231  0.00000000    0.07122400  0.00000000   -0.02037837  0.00000000
  0.06508224  0.00000000   -0.02037837  0.00000000    0.07167382  0.00000000

     Dynamical  Matrix in cartesian axes

     q = (    0.250000000  -0.666666667   0.583333333 ) 

    1    1
  0.07122400  0.00000000    0.02037837  0.00000000   -0.03872231  0.00000000
  0.02037837  0.00000000    0.07167382  0.00000000   -0.06508224  0.00000000
 -0.03872231  0.00000000   -0.06508224  0.00000000    0.07406667  0.00000000

     Dynamical  Matrix in cartesian axes

     q = (    0.583333333  -0.250000000  -0.666666667 ) 

    1    1
  0.07406667  0.00000000    0.03872231  0.00000000   -0.06508224  0.00000000
  0.03872231  0.00000000    0.07122400  0.00000000   -0.02037837  0.00000000
 -0.06508224  0.00000000   -0.02037837  0.00000000    0.07167382  0.00000000

     Dynamical  Matrix in cartesian axes

     q = (   -0.583333333  -0.250000000   0.666666667 ) 

    1    1
  0.07406667  0.00000000   -0.03872231  0.00000000   -0.06508224  0.00000000
 -0.03872231  0.00000000    0.07122400  0.00000000    0.02037837  0.00000000
 -0.06508224  0.00000000    0.02037837  0.00000000    0.07167382  0.00000000

     Dynamical  Matrix in cartesian axes

     q = (   -0.583333333  -0.666666667   0.250000000 ) 

    1    1
  0.07406667  0.00000000    0.06508224  0.00000000    0.03872231  0.00000000
  0.06508224  0.00000000    0.07167382  0.00000000    0.02037837  0.00000000
  0.03872231  0.00000000    0.02037837  0.00000000    0.07122400  0.00000000

     Dynamical  Matrix in cartesian axes

     q = (   -0.583333333   0.666666667  -0.250000000 ) 

    1    1
  0.07406667  0.00000000   -0.06508224  0.00000000   -0.03872231  0.00000000
 -0.06508224  0.00000000    0.07167382  0.00000000    0.02037837  0.00000000
 -0.03872231  0.00000000    0.02037837  0.00000000    0.07122400  0.00000000

     Dynamical  Matrix in cartesian axes

     q = (   -0.666666667  -0.250000000  -0.583333333 ) 

    1    1
  0.07167382  0.00000000   -0.02037837  0.00000000    0.06508224  0.00000000
 -0.02037837  0.00000000    0.07122400  0.00000000   -0.03872231  0.00000000
  0.06508224  0.00000000   -0.03872231  0.00000000    0.07406667  0.00000000

     Dynamical  Matrix in cartesian axes

     q = (    0.250000000   0.666666667   0.583333333 ) 

    1    1
  0.07122400  0.00000000   -0.02037837  0.00000000   -0.03872231  0.00000000
 -0.02037837  0.00000000    0.07167382  0.00000000    0.06508224  0.00000000
 -0.03872231  0.00000000    0.06508224  0.00000000    0.07406667  0.00000000

     Dynamical  Matrix in cartesian axes

     q = (   -0.250000000   0.666666667  -0.583333333 ) 

    1    1
  0.07122400  0.00000000    0.02037837  0.00000000   -0.03872231  0.00000000
  0.02037837  0.00000000    0.07167382  0.00000000   -0.06508224  0.00000000
 -0.03872231  0.00000000   -0.06508224  0.00000000    0.07406667  0.00000000

     Dynamical  Matrix in cartesian axes

     q = (    0.250000000  -0.666666667  -0.583333333 ) 

    1    1
  0.07122400  0.00000000    0.02037837  0.00000000    0.03872231  0.00000000
  0.02037837  0.00000000    0.07167382  0.00000000    0.06508224  0.00000000
  0.03872231  0.00000000    0.06508224  0.00000000    0.07406667  0.00000000

     Dynamical  Matrix in cartesian axes

     q = (   -0.250000000  -0.666666667   0.583333333 ) 

    1    1
  0.07122400  0.00000000   -0.02037837  0.00000000    0.03872231  0.00000000
 -0.02037837  0.00000000    0.07167382  0.00000000   -0.06508224  0.00000000
  0.03872231  0.00000000   -0.06508224  0.00000000    0.07406667  0.00000000

     Dynamical  Matrix in cartesian axes

     q = (   -0.666666667   0.583333333  -0.250000000 ) 

    1    1
  0.07167382  0.00000000   -0.06508224  0.00000000   -0.02037837  0.00000000
 -0.06508224  0.00000000    0.07406667  0.00000000    0.03872231  0.00000000
 -0.02037837  0.00000000    0.03872231  0.00000000    0.07122400  0.00000000

     Dynamical  Matrix in cartesian axes

     q = (    0.666666667  -0.250000000  -0.583333333 ) 

    1    1
  0.07167382  0.00000000    0.02037837  0.00000000   -0.06508224  0.00000000
  0.02037837  0.00000000    0.07122400  0.00000000   -0.03872231  0.00000000
 -0.06508224  0.00000000   -0.03872231  0.00000000    0.07406667  0.00000000

     Dynamical  Matrix in cartesian axes

     q = (   -0.666666667  -0.250000000   0.583333333 ) 

    1    1
  0.07167382  0.00000000   -0.02037837  0.00000000   -0.06508224  0.00000000
 -0.02037837  0.00000000    0.07122400  0.00000000    0.03872231  0.00000000
 -0.06508224  0.00000000    0.03872231  0.00000000    0.07406667  0.00000000

     Dynamical  Matrix in cartesian axes

     q = (    0.666666667   0.250000000   0.583333333 ) 

    1    1
  0.07167382  0.00000000   -0.02037837  0.00000000    0.06508224  0.00000000
 -0.02037837  0.00000000    0.07122400  0.00000000   -0.03872231  0.00000000
  0.06508224  0.00000000   -0.03872231  0.00000000    0.07406667  0.00000000

     Dynamical  Matrix in cartesian axes

     q = (   -0.666666667   0.250000000  -0.583333333 ) 

    1    1
  0.07167382  0.00000000    0.02037837  0.00000000    0.06508224  0.00000000
  0.02037837  0.00000000    0.07122400  0.00000000    0.03872231  0.00000000
  0.06508224  0.00000000    0.03872231  0.00000000    0.07406667  0.00000000

     Dynamical  Matrix in cartesian axes

     q = (   -0.250000000  -0.583333333   0.666666667 ) 

    1    1
  0.07122400  0.00000000   -0.03872231  0.00000000    0.02037837  0.00000000
 -0.03872231  0.00000000    0.07406667  0.00000000   -0.06508224  0.00000000
  0.02037837  0.00000000   -0.06508224  0.00000000    0.07167382  0.00000000

     Dynamical  Matrix in cartesian axes

     q = (   -0.250000000   0.583333333  -0.666666667 ) 

    1    1
  0.07122400  0.00000000    0.03872231  0.00000000   -0.02037837  0.00000000
  0.03872231  0.00000000    0.07406667  0.00000000   -0.06508224  0.00000000
 -0.02037837  0.00000000   -0.06508224  0.00000000    0.07167382  0.00000000

     Dynamical  Matrix in cartesian axes

     q = (    0.250000000   0.583333333   0.666666667 ) 

    1    1
  0.07122400  0.00000000   -0.03872231  0.00000000   -0.02037837  0.00000000
 -0.03872231  0.00000000    0.07406667  0.00000000    0.06508224  0.00000000
 -0.02037837  0.00000000    0.06508224  0.00000000    0.07167382  0.00000000

     Dynamical  Matrix in cartesian axes

     q = (    0.250000000  -0.583333333  -0.666666667 ) 

    1    1
  0.07122400  0.00000000    0.03872231  0.00000000    0.02037837  0.00000000
  0.03872231  0.00000000    0.07406667  0.00000000    0.06508224  0.00000000
  0.02037837  0.00000000    0.06508224  0.00000000    0.07167382  0.00000000

     Diagonalizing the dynamical matrix

     q = (    0.583333333  -0.666666667   0.250000000 ) 

 **************************************************************************
     freq (    1) =       1.453594 [THz] =      48.486660 [cm-1]
 (  0.731538  0.000000  0.642017  0.000000  0.229493  0.000000 ) 
     freq (    2) =       4.865868 [THz] =     162.307871 [cm-1]
 ( -0.142344  0.000000  0.472997  0.000000 -0.869490  0.000000 ) 
     freq (    3) =       8.348368 [THz] =     278.471597 [cm-1]
 ( -0.666776  0.000000  0.603398  0.000000  0.437402  0.000000 ) 
 **************************************************************************
