Dynamical matrix file
                                                                           
  1    1  3  6.1240000  0.0000000  0.0000000  0.0000000  0.0000000  0.0000000
           1  'Al  '    24592.588541212976     
    1    1      0.0000000000      0.0000000000      0.0000000000

     Dynamical  Matrix in cartesian axes

     q = (   -0.083333333  -0.166666667   0.416666667 ) 

    1    1
  0.05761547  0.00000000    0.00355230  0.00000000   -0.02325278  0.00000000
  0.00355230  0.00000000    0.05897026  0.00000000   -0.05026697  0.00000000
 -0.02325278  0.00000000   -0.05026697  0.00000000    0.06873363  0.00000000

     Dynamical  Matrix in cartesian axes

     q = (   -0.166666667  -0.083333333   0.416666667 ) 

    1    1
  0.05897026  0.00000000    0.00355230  0.00000000   -0.05026697  0.00000000
  0.00355230  0.00000000    0.05761547  0.00000000   -0.02325278  0.00000000
 -0.05026697  0.00000000   -0.02325278  0.00000000    0.06873363  0.00000000

     Dynamical  Matrix in cartesian axes

     q = (   -0.083333333   0.416666667  -0.166666667 ) 

    1    1
  0.05761547  0.00000000   -0.02325278  0.00000000    0.00355230  0.00000000
 -0.02325278  0.00000000    0.06873363  0.00000000   -0.05026697  0.00000000
  0.00355230  0.00000000   -0.05026697  0.00000000    0.05897026  0.00000000

     Dynamical  Matrix in cartesian axes

     q = (    0.083333333   0.416666667  -0.166666667 ) 

    1    1
  0.05761547  0.00000000    0.02325278  0.00000000   -0.00355230  0.00000000
  0.02325278  0.00000000    0.06873363  0.00000000   -0.05026697  0.00000000
 -0.00355230  0.00000000   -0.05026697  0.00000000    0.05897026  0.00000000

     Dynamical  Matrix in cartesian axes

     q = (    0.166666667  -0.083333333   0.416666667 ) 

    1    1
  0.05897026  0.00000000   -0.00355230  0.00000000    0.05026697  0.00000000
 -0.00355230  0.00000000    0.05761547  0.00000000   -0.02325278  0.00000000
  0.05026697  0.00000000   -0.02325278  0.00000000    0.06873363  0.00000000

     Dynamical  Matrix in cartesian axes

     q = (   -0.166666667   0.083333333   0.416666667 ) 

    1    1
  0.05897026  0.00000000   -0.00355230  0.00000000   -0.05026697  0.00000000
 -0.00355230  0.00000000    0.05761547  0.00000000    0.02325278  0.00000000
 -0.05026697  0.00000000    0.02325278  0.00000000    0.06873363  0.00000000

     Dynamical  Matrix in cartesian axes

     q = (    0.083333333   0.166666667   0.416666667 ) 

    1    1
  0.05761547  0.00000000    0.00355230  0.00000000    0.02325278  0.00000000
  0.00355230  0.00000000    0.05897026  0.00000000    0.05026697  0.00000000
  0.02325278  0.00000000    0.05026697  0.00000000    0.06873363  0.00000000

     Dynamical  Matrix in cartesian axes

     q = (    0.166666667   0.083333333   0.416666667 ) 

    1    1
  0.05897026  0.00000000    0.00355230  0.00000000    0.05026697  0.00000000
  0.00355230  0.00000000    0.05761547  0.00000000    0.02325278  0.00000000
  0.05026697  0.00000000    0.02325278  0.00000000    0.06873363  0.00000000

     Dynamical  Matrix in cartesian axes

     q = (    0.166666667  -0.416666667  -0.083333333 ) 

    1    1
  0.05897026  0.00000000   -0.05026697  0.00000000   -0.00355230  0.00000000
 -0.05026697  0.00000000    0.06873363  0.00000000    0.02325278  0.00000000
 -0.00355230  0.00000000    0.02325278  0.00000000    0.05761547  0.00000000

     Dynamical  Matrix in cartesian axes

     q = (    0.166666667   0.416666667   0.083333333 ) 

    1    1
  0.05897026  0.00000000    0.05026697  0.00000000    0.00355230  0.00000000
  0.05026697  0.00000000    0.06873363  0.00000000    0.02325278  0.00000000
  0.00355230  0.00000000    0.02325278  0.00000000    0.05761547  0.00000000

     Dynamical  Matrix in cartesian axes

     q = (    0.416666667   0.083333333   0.166666667 ) 

    1    1
  0.06873363  0.00000000    0.02325278  0.00000000    0.05026697  0.00000000
  0.02325278  0.00000000    0.05761547  0.00000000    0.00355230  0.00000000
  0.05026697  0.00000000    0.00355230  0.00000000    0.05897026  0.00000000

     Dynamical  Matrix in cartesian axes

     q = (   -0.083333333   0.166666667   0.416666667 ) 

    1    1
  0.05761547  0.00000000   -0.00355230  0.00000000   -0.02325278  0.00000000
 -0.00355230  0.00000000    0.05897026  0.00000000    0.05026697  0.00000000
 -0.02325278  0.00000000    0.05026697  0.00000000    0.06873363  0.00000000

     Dynamical  Matrix in cartesian axes

     q = (   -0.416666667  -0.083333333   0.166666667 ) 

    1    1
  0.06873363  0.00000000    0.02325278  0.00000000   -0.05026697  0.00000000
  0.02325278  0.00000000    0.05761547  0.00000000   -0.00355230  0.00000000
 -0.05026697  0.00000000   -0.00355230  0.00000000    0.05897026  0.00000000

     Dynamical  Matrix in cartesian axes

     q = (    0.083333333  -0.166666667  -0.416666667 ) 

    1    1
  0.05761547  0.00000000   -0.00355230  0.00000000   -0.02325278  0.00000000
 -0.00355230  0.00000000    0.05897026  0.00000000    0.05026697  0.00000000
 -0.02325278  0.00000000    0.05026697  0.00000000    0.06873363  0.00000000

     Dynamical  Matrix in cartesian axes

     q = (   -0.083333333  -0.416666667   0.166666667 ) 

    1    1
  0.05761547  0.00000000    0.02325278  0.00000000   -0.00355230  0.00000000
  0.02325278  0.00000000    0.06873363  0.00000000   -0.05026697  0.00000000
 -0.00355230  0.00000000   -0.05026697  0.00000000    0.05897026  0.00000000

     Dynamical  Matrix in cartesian axes

     q = (    0.166666667  -0.083333333  -0.416666667 ) 

    1    1
  0.05897026  0.00000000   -0.00355230  0.00000000   -0.05026697  0.00000000
 -0.00355230  0.00000000    0.05761547  0.00000000    0.02325278  0.00000000
 -0.05026697  0.00000000    0.02325278  0.00000000    0.06873363  0.00000000

     Dynamical  Matrix in cartesian axes

     q = (   -0.166666667   0.083333333  -0.416666667 ) 

    1    1
  0.05897026  0.00000000   -0.00355230  0.00000000    0.05026697  0.00000000
 -0.00355230  0.00000000    0.05761547  0.00000000   -0.02325278  0.00000000
  0.05026697  0.00000000   -0.02325278  0.00000000    0.06873363  0.00000000

     Dynamical  Matrix in cartesian axes

     q = (   -0.416666667   0.083333333  -0.166666667 ) 

    1    1
  0.06873363  0.00000000   -0.02325278  0.00000000    0.05026697  0.00000000
 -0.02325278  0.00000000    0.05761547  0.00000000   -0.00355230  0.00000000
  0.05026697  0.00000000   -0.00355230  0.00000000    0.05897026  0.00000000

     Dynamical  Matrix in cartesian axes

     q = (   -0.416666667   0.166666667  -0.083333333 ) 

    1    1
  0.06873363  0.00000000   -0.05026697  0.00000000    0.02325278  0.00000000
 -0.05026697  0.00000000    0.05897026  0.00000000   -0.00355230  0.00000000
  0.02325278  0.00000000   -0.00355230  0.00000000    0.05761547  0.00000000

     Dynamical  Matrix in cartesian axes

     q = (    0.416666667   0.166666667   0.083333333 ) 

    1    1
  0.06873363  0.00000000    0.05026697  0.00000000    0.02325278  0.00000000
  0.05026697  0.00000000    0.05897026  0.00000000    0.00355230  0.00000000
  0.02325278  0.00000000    0.00355230  0.00000000    0.05761547  0.00000000

     Dynamical  Matrix in cartesian axes

     q = (   -0.166666667   0.416666667  -0.083333333 ) 

    1    1
  0.05897026  0.00000000   -0.05026697  0.00000000    0.00355230  0.00000000
 -0.05026697  0.00000000    0.06873363  0.00000000   -0.02325278  0.00000000
  0.00355230  0.00000000   -0.02325278  0.00000000    0.05761547  0.00000000

     Dynamical  Matrix in cartesian axes

     q = (   -0.416666667  -0.166666667   0.083333333 ) 

    1    1
  0.06873363  0.00000000    0.05026697  0.00000000   -0.02325278  0.00000000
  0.05026697  0.00000000    0.05897026  0.00000000   -0.00355230  0.00000000
 -0.02325278  0.00000000   -0.00355230  0.00000000    0.05761547  0.00000000

     Dynamical  Matrix in cartesian axes

     q = (    0.083333333  -0.416666667  -0.166666667 ) 

    1    1
  0.05761547  0.00000000   -0.02325278  0.00000000   -0.00355230  0.00000000
 -0.02325278  0.00000000    0.06873363  0.00000000    0.05026697  0.00000000
 -0.00355230  0.00000000    0.05026697  0.00000000    0.05897026  0.00000000

     Dynamical  Matrix in cartesian axes

     q = (    0.083333333   0.416666667   0.166666667 ) 

    1    1
  0.05761547  0.00000000    0.02325278  0.00000000    0.00355230  0.00000000
  0.02325278  0.00000000    0.06873363  0.00000000    0.05026697  0.00000000
  0.00355230  0.00000000    0.05026697  0.00000000    0.05897026  0.00000000

     Dynamical  Matrix in cartesian axes

     q = (    0.166666667   0.083333333  -0.416666667 ) 

    1    1
  0.05897026  0.00000000    0.00355230  0.00000000   -0.05026697  0.00000000
  0.00355230  0.00000000    0.05761547  0.00000000   -0.02325278  0.00000000
 -0.05026697  0.00000000   -0.02325278  0.00000000    0.06873363  0.00000000

     Dynamical  Matrix in cartesian axes

     q = (   -0.083333333  -0.166666667  -0.416666667 ) 

    1    1
  0.05761547  0.00000000    0.00355230  0.00000000    0.02325278  0.00000000
  0.00355230  0.00000000    0.05897026  0.00000000    0.05026697  0.00000000
  0.02325278  0.00000000    0.05026697  0.00000000    0.06873363  0.00000000

     Dynamical  Matrix in cartesian axes

     q = (   -0.083333333   0.166666667  -0.416666667 ) 

    1    1
  0.05761547  0.00000000   -0.00355230  0.00000000    0.02325278  0.00000000
 -0.00355230  0.00000000    0.05897026  0.00000000   -0.05026697  0.00000000
  0.02325278  0.00000000   -0.05026697  0.00000000    0.06873363  0.00000000

     Dynamical  Matrix in cartesian axes

     q = (    0.416666667  -0.083333333  -0.166666667 ) 

    1    1
  0.06873363  0.00000000   -0.02325278  0.00000000   -0.05026697  0.00000000
 -0.02325278  0.00000000    0.05761547  0.00000000    0.00355230  0.00000000
 -0.05026697  0.00000000    0.00355230  0.00000000    0.05897026  0.00000000

     Dynamical  Matrix in cartesian axes

     q = (   -0.083333333   0.416666667   0.166666667 ) 

    1    1
  0.05761547  0.00000000   -0.02325278  0.00000000   -0.00355230  0.00000000
 -0.02325278  0.00000000    0.06873363  0.00000000    0.05026697  0.00000000
 -0.00355230  0.00000000    0.05026697  0.00000000    0.05897026  0.00000000

     Dynamical  Matrix in cartesian axes

     q = (    0.416666667  -0.166666667  -0.083333333 ) 

    1    1
  0.06873363  0.00000000   -0.05026697  0.00000000   -0.02325278  0.00000000
 -0.05026697  0.00000000    0.05897026  0.00000000    0.00355230  0.00000000
 -0.02325278  0.00000000    0.00355230  0.00000000    0.05761547  0.00000000

     Dynamical  Matrix in cartesian axes

     q = (   -0.083333333  -0.416666667  -0.166666667 ) 

    1    1
  0.05761547  0.00000000    0.02325278  0.00000000    0.00355230  0.00000000
  0.02325278  0.00000000    0.06873363  0.00000000    0.05026697  0.00000000
  0.00355230  0.00000000    0.05026697  0.00000000    0.05897026  0.00000000

     Dynamical  Matrix in cartesian axes

     q = (    0.083333333  -0.416666667   0.166666667 ) 

    1    1
  0.05761547  0.00000000   -0.02325278  0.00000000    0.00355230  0.00000000
 -0.02325278  0.00000000    0.06873363  0.00000000   -0.05026697  0.00000000
  0.00355230  0.00000000   -0.05026697  0.00000000    0.05897026  0.00000000

     Dynamical  Matrix in cartesian axes

     q = (    0.083333333  -0.166666667   0.416666667 ) 

    1    1
  0.05761547  0.00000000   -0.00355230  0.00000000    0.02325278  0.00000000
 -0.00355230  0.00000000    0.05897026  0.00000000   -0.05026697  0.00000000
  0.02325278  0.00000000   -0.05026697  0.00000000    0.06873363  0.00000000

     Dynamical  Matrix in cartesian axes

     q = (    0.083333333   0.166666667  -0.416666667 ) 

    1    1
  0.05761547  0.00000000    0.00355230  0.00000000   -0.02325278  0.00000000
  0.00355230  0.00000000    0.05897026  0.00000000   -0.05026697  0.00000000
 -0.02325278  0.00000000   -0.05026697  0.00000000    0.06873363  0.00000000

     Dynamical  Matrix in cartesian axes

     q = (   -0.166666667  -0.416666667   0.083333333 ) 

    1    1
  0.05897026  0.00000000    0.05026697  0.00000000   -0.00355230  0.00000000
  0.05026697  0.00000000    0.06873363  0.00000000   -0.02325278  0.00000000
 -0.00355230  0.00000000   -0.02325278  0.00000000    0.05761547  0.00000000

     Dynamical  Matrix in cartesian axes

     q = (    0.416666667   0.166666667  -0.083333333 ) 

    1    1
  0.06873363  0.00000000    0.05026697  0.00000000   -0.02325278  0.00000000
  0.05026697  0.00000000    0.05897026  0.00000000   -0.00355230  0.00000000
 -0.02325278  0.00000000   -0.00355230  0.00000000    0.05761547  0.00000000

     Dynamical  Matrix in cartesian axes

     q = (   -0.416666667   0.166666667   0.083333333 ) 

    1    1
  0.06873363  0.00000000   -0.05026697  0.00000000   -0.02325278  0.00000000
 -0.05026697  0.00000000    0.05897026  0.00000000    0.00355230  0.00000000
 -0.02325278  0.00000000    0.00355230  0.00000000    0.05761547  0.00000000

     Dynamical  Matrix in cartesian axes

     q = (    0.416666667  -0.166666667   0.083333333 ) 

    1    1
  0.06873363  0.00000000   -0.05026697  0.00000000    0.02325278  0.00000000
 -0.05026697  0.00000000    0.05897026  0.00000000   -0.00355230  0.00000000
  0.02325278  0.00000000   -0.00355230  0.00000000    0.05761547  0.00000000

     Dynamical  Matrix in cartesian axes

     q = (   -0.416666667  -0.166666667  -0.083333333 ) 

    1    1
  0.06873363  0.00000000    0.05026697  0.00000000    0.02325278  0.00000000
  0.05026697  0.00000000    0.05897026  0.00000000    0.00355230  0.00000000
  0.02325278  0.00000000    0.00355230  0.00000000    0.05761547  0.00000000

     Dynamical  Matrix in cartesian axes

     q = (   -0.166666667  -0.083333333  -0.416666667 ) 

    1    1
  0.05897026  0.00000000    0.00355230  0.00000000    0.05026697  0.00000000
  0.00355230  0.00000000    0.05761547  0.00000000    0.02325278  0.00000000
  0.05026697  0.00000000    0.02325278  0.00000000    0.06873363  0.00000000

     Dynamical  Matrix in cartesian axes

     q = (    0.166666667  -0.416666667   0.083333333 ) 

    1    1
  0.05897026  0.00000000   -0.05026697  0.00000000    0.00355230  0.00000000
 -0.05026697  0.00000000    0.06873363  0.00000000   -0.02325278  0.00000000
  0.00355230  0.00000000   -0.02325278  0.00000000    0.05761547  0.00000000

     Dynamical  Matrix in cartesian axes

     q = (   -0.166666667  -0.416666667  -0.083333333 ) 

    1    1
  0.05897026  0.00000000    0.05026697  0.00000000    0.00355230  0.00000000
  0.05026697  0.00000000    0.06873363  0.00000000    0.02325278  0.00000000
  0.00355230  0.00000000    0.02325278  0.00000000    0.05761547  0.00000000

     Dynamical  Matrix in cartesian axes

     q = (    0.166666667   0.416666667  -0.083333333 ) 

    1    1
  0.05897026  0.00000000    0.05026697  0.00000000   -0.00355230  0.00000000
  0.05026697  0.00000000    0.06873363  0.00000000   -0.02325278  0.00000000
 -0.00355230  0.00000000   -0.02325278  0.00000000    0.05761547  0.00000000

     Dynamical  Matrix in cartesian axes

     q = (   -0.166666667   0.416666667   0.083333333 ) 

    1    1
  0.05897026  0.00000000   -0.05026697  0.00000000   -0.00355230  0.00000000
 -0.05026697  0.00000000    0.06873363  0.00000000    0.02325278  0.00000000
 -0.00355230  0.00000000    0.02325278  0.00000000    0.05761547  0.00000000

     Dynamical  Matrix in cartesian axes

     q = (   -0.416666667   0.083333333   0.166666667 ) 

    1    1
  0.06873363  0.00000000   -0.02325278  0.00000000   -0.05026697  0.00000000
 -0.02325278  0.00000000    0.05761547  0.00000000    0.00355230  0.00000000
 -0.05026697  0.00000000    0.00355230  0.00000000    0.05897026  0.00000000

     Dynamical  Matrix in cartesian axes

     q = (   -0.416666667  -0.083333333  -0.166666667 ) 

    1    1
  0.06873363  0.00000000    0.02325278  0.00000000    0.05026697  0.00000000
  0.02325278  0.00000000    0.05761547  0.00000000    0.00355230  0.00000000
  0.05026697  0.00000000    0.00355230  0.00000000    0.05897026  0.00000000

     Dynamical  Matrix in cartesian axes

     q = (    0.416666667  -0.083333333   0.166666667 ) 

    1    1
  0.06873363  0.00000000   -0.02325278  0.00000000    0.05026697  0.00000000
 -0.02325278  0.00000000    0.05761547  0.00000000   -0.00355230  0.00000000
  0.05026697  0.00000000   -0.00355230  0.00000000    0.05897026  0.00000000

     Dynamical  Matrix in cartesian axes

     q = (    0.416666667   0.083333333  -0.166666667 ) 

    1    1
  0.06873363  0.00000000    0.02325278  0.00000000   -0.05026697  0.00000000
  0.02325278  0.00000000    0.05761547  0.00000000   -0.00355230  0.00000000
 -0.05026697  0.00000000   -0.00355230  0.00000000    0.05897026  0.00000000

     Diagonalizing the dynamical matrix

     q = (   -0.083333333  -0.166666667   0.416666667 ) 

 **************************************************************************
     freq (    1) =       2.049487 [THz] =      68.363538 [cm-1]
 (  0.280526 -0.000000  0.674430 -0.000000  0.682971  0.000000 ) 
     freq (    2) =       4.927098 [THz] =     164.350310 [cm-1]
 (  0.910476  0.000000 -0.412234  0.000000  0.033107  0.000000 ) 
     freq (    3) =       7.285692 [THz] =     243.024538 [cm-1]
 ( -0.303873  0.000000 -0.612541  0.000000  0.729695  0.000000 ) 
 **************************************************************************
