Dynamical matrix file
                                                                           
  1    1  3  6.1240000  0.0000000  0.0000000  0.0000000  0.0000000  0.0000000
           1  'Al  '    24592.588541212976     
    1    1      0.0000000000      0.0000000000      0.0000000000

     Dynamical  Matrix in cartesian axes

     q = (   -0.166666667   0.750000000  -0.416666667 ) 

    1    1
  0.09128821  0.00000000   -0.00744106  0.00000000   -0.03467686  0.00000000
 -0.00744106  0.00000000    0.09149525  0.00000000   -0.06137421  0.00000000
 -0.03467686  0.00000000   -0.06137421  0.00000000    0.09979940  0.00000000

     Dynamical  Matrix in cartesian axes

     q = (    0.750000000  -0.166666667  -0.416666667 ) 

    1    1
  0.09149525  0.00000000   -0.00744106  0.00000000   -0.06137421  0.00000000
 -0.00744106  0.00000000    0.09128821  0.00000000   -0.03467686  0.00000000
 -0.06137421  0.00000000   -0.03467686  0.00000000    0.09979940  0.00000000

     Dynamical  Matrix in cartesian axes

     q = (   -0.750000000   0.166666667  -0.416666667 ) 

    1    1
  0.09149525  0.00000000   -0.00744106  0.00000000    0.06137421  0.00000000
 -0.00744106  0.00000000    0.09128821  0.00000000    0.03467686  0.00000000
  0.06137421  0.00000000    0.03467686  0.00000000    0.09979940  0.00000000

     Dynamical  Matrix in cartesian axes

     q = (   -0.750000000  -0.416666667   0.166666667 ) 

    1    1
  0.09149525  0.00000000    0.06137421  0.00000000   -0.00744106  0.00000000
  0.06137421  0.00000000    0.09979940  0.00000000    0.03467686  0.00000000
 -0.00744106  0.00000000    0.03467686  0.00000000    0.09128821  0.00000000

     Dynamical  Matrix in cartesian axes

     q = (    0.416666667   0.166666667   0.750000000 ) 

    1    1
  0.09979940  0.00000000   -0.03467686  0.00000000    0.06137421  0.00000000
 -0.03467686  0.00000000    0.09128821  0.00000000    0.00744106  0.00000000
  0.06137421  0.00000000    0.00744106  0.00000000    0.09149525  0.00000000

     Dynamical  Matrix in cartesian axes

     q = (    0.416666667   0.750000000   0.166666667 ) 

    1    1
  0.09979940  0.00000000    0.06137421  0.00000000   -0.03467686  0.00000000
  0.06137421  0.00000000    0.09149525  0.00000000    0.00744106  0.00000000
 -0.03467686  0.00000000    0.00744106  0.00000000    0.09128821  0.00000000

     Dynamical  Matrix in cartesian axes

     q = (    0.166666667  -0.750000000  -0.416666667 ) 

    1    1
  0.09128821  0.00000000   -0.00744106  0.00000000    0.03467686  0.00000000
 -0.00744106  0.00000000    0.09149525  0.00000000    0.06137421  0.00000000
  0.03467686  0.00000000    0.06137421  0.00000000    0.09979940  0.00000000

     Dynamical  Matrix in cartesian axes

     q = (   -0.166666667  -0.416666667   0.750000000 ) 

    1    1
  0.09128821  0.00000000   -0.03467686  0.00000000   -0.00744106  0.00000000
 -0.03467686  0.00000000    0.09979940  0.00000000   -0.06137421  0.00000000
 -0.00744106  0.00000000   -0.06137421  0.00000000    0.09149525  0.00000000

     Dynamical  Matrix in cartesian axes

     q = (   -0.750000000   0.416666667  -0.166666667 ) 

    1    1
  0.09149525  0.00000000   -0.06137421  0.00000000    0.00744106  0.00000000
 -0.06137421  0.00000000    0.09979940  0.00000000    0.03467686  0.00000000
  0.00744106  0.00000000    0.03467686  0.00000000    0.09128821  0.00000000

     Dynamical  Matrix in cartesian axes

     q = (    0.166666667  -0.416666667   0.750000000 ) 

    1    1
  0.09128821  0.00000000    0.03467686  0.00000000    0.00744106  0.00000000
  0.03467686  0.00000000    0.09979940  0.00000000   -0.06137421  0.00000000
  0.00744106  0.00000000   -0.06137421  0.00000000    0.09149525  0.00000000

     Dynamical  Matrix in cartesian axes

     q = (   -0.416666667   0.166666667  -0.750000000 ) 

    1    1
  0.09979940  0.00000000    0.03467686  0.00000000    0.06137421  0.00000000
  0.03467686  0.00000000    0.09128821  0.00000000   -0.00744106  0.00000000
  0.06137421  0.00000000   -0.00744106  0.00000000    0.09149525  0.00000000

     Dynamical  Matrix in cartesian axes

     q = (   -0.166666667  -0.750000000  -0.416666667 ) 

    1    1
  0.09128821  0.00000000    0.00744106  0.00000000   -0.03467686  0.00000000
  0.00744106  0.00000000    0.09149525  0.00000000    0.06137421  0.00000000
 -0.03467686  0.00000000    0.06137421  0.00000000    0.09979940  0.00000000

     Dynamical  Matrix in cartesian axes

     q = (    0.416666667  -0.166666667  -0.750000000 ) 

    1    1
  0.09979940  0.00000000    0.03467686  0.00000000   -0.06137421  0.00000000
  0.03467686  0.00000000    0.09128821  0.00000000    0.00744106  0.00000000
 -0.06137421  0.00000000    0.00744106  0.00000000    0.09149525  0.00000000

     Dynamical  Matrix in cartesian axes

     q = (    0.166666667   0.750000000   0.416666667 ) 

    1    1
  0.09128821  0.00000000    0.00744106  0.00000000   -0.03467686  0.00000000
  0.00744106  0.00000000    0.09149525  0.00000000    0.06137421  0.00000000
 -0.03467686  0.00000000    0.06137421  0.00000000    0.09979940  0.00000000

     Dynamical  Matrix in cartesian axes

     q = (   -0.166666667   0.416666667  -0.750000000 ) 

    1    1
  0.09128821  0.00000000    0.03467686  0.00000000    0.00744106  0.00000000
  0.03467686  0.00000000    0.09979940  0.00000000   -0.06137421  0.00000000
  0.00744106  0.00000000   -0.06137421  0.00000000    0.09149525  0.00000000

     Dynamical  Matrix in cartesian axes

     q = (   -0.750000000  -0.166666667   0.416666667 ) 

    1    1
  0.09149525  0.00000000    0.00744106  0.00000000   -0.06137421  0.00000000
  0.00744106  0.00000000    0.09128821  0.00000000    0.03467686  0.00000000
 -0.06137421  0.00000000    0.03467686  0.00000000    0.09979940  0.00000000

     Dynamical  Matrix in cartesian axes

     q = (    0.750000000   0.166666667   0.416666667 ) 

    1    1
  0.09149525  0.00000000    0.00744106  0.00000000    0.06137421  0.00000000
  0.00744106  0.00000000    0.09128821  0.00000000   -0.03467686  0.00000000
  0.06137421  0.00000000   -0.03467686  0.00000000    0.09979940  0.00000000

     Dynamical  Matrix in cartesian axes

     q = (   -0.750000000  -0.166666667  -0.416666667 ) 

    1    1
  0.09149525  0.00000000    0.00744106  0.00000000    0.06137421  0.00000000
  0.00744106  0.00000000    0.09128821  0.00000000   -0.03467686  0.00000000
  0.06137421  0.00000000   -0.03467686  0.00000000    0.09979940  0.00000000

     Dynamical  Matrix in cartesian axes

     q = (    0.416666667  -0.750000000  -0.166666667 ) 

    1    1
  0.09979940  0.00000000   -0.06137421  0.00000000    0.03467686  0.00000000
 -0.06137421  0.00000000    0.09149525  0.00000000    0.00744106  0.00000000
  0.03467686  0.00000000    0.00744106  0.00000000    0.09128821  0.00000000

     Dynamical  Matrix in cartesian axes

     q = (   -0.416666667  -0.750000000   0.166666667 ) 

    1    1
  0.09979940  0.00000000    0.06137421  0.00000000    0.03467686  0.00000000
  0.06137421  0.00000000    0.09149525  0.00000000   -0.00744106  0.00000000
  0.03467686  0.00000000   -0.00744106  0.00000000    0.09128821  0.00000000

     Dynamical  Matrix in cartesian axes

     q = (    0.750000000  -0.416666667  -0.166666667 ) 

    1    1
  0.09149525  0.00000000   -0.06137421  0.00000000   -0.00744106  0.00000000
 -0.06137421  0.00000000    0.09979940  0.00000000   -0.03467686  0.00000000
 -0.00744106  0.00000000   -0.03467686  0.00000000    0.09128821  0.00000000

     Dynamical  Matrix in cartesian axes

     q = (    0.750000000   0.166666667  -0.416666667 ) 

    1    1
  0.09149525  0.00000000    0.00744106  0.00000000   -0.06137421  0.00000000
  0.00744106  0.00000000    0.09128821  0.00000000    0.03467686  0.00000000
 -0.06137421  0.00000000    0.03467686  0.00000000    0.09979940  0.00000000

     Dynamical  Matrix in cartesian axes

     q = (    0.166666667   0.416666667   0.750000000 ) 

    1    1
  0.09128821  0.00000000   -0.03467686  0.00000000    0.00744106  0.00000000
 -0.03467686  0.00000000    0.09979940  0.00000000    0.06137421  0.00000000
  0.00744106  0.00000000    0.06137421  0.00000000    0.09149525  0.00000000

     Dynamical  Matrix in cartesian axes

     q = (    0.166666667  -0.416666667  -0.750000000 ) 

    1    1
  0.09128821  0.00000000    0.03467686  0.00000000   -0.00744106  0.00000000
  0.03467686  0.00000000    0.09979940  0.00000000    0.06137421  0.00000000
 -0.00744106  0.00000000    0.06137421  0.00000000    0.09149525  0.00000000

     Dynamical  Matrix in cartesian axes

     q = (   -0.750000000   0.166666667   0.416666667 ) 

    1    1
  0.09149525  0.00000000   -0.00744106  0.00000000   -0.06137421  0.00000000
 -0.00744106  0.00000000    0.09128821  0.00000000   -0.03467686  0.00000000
 -0.06137421  0.00000000   -0.03467686  0.00000000    0.09979940  0.00000000

     Dynamical  Matrix in cartesian axes

     q = (   -0.166666667   0.750000000   0.416666667 ) 

    1    1
  0.09128821  0.00000000   -0.00744106  0.00000000    0.03467686  0.00000000
 -0.00744106  0.00000000    0.09149525  0.00000000    0.06137421  0.00000000
  0.03467686  0.00000000    0.06137421  0.00000000    0.09979940  0.00000000

     Dynamical  Matrix in cartesian axes

     q = (   -0.166666667  -0.750000000   0.416666667 ) 

    1    1
  0.09128821  0.00000000    0.00744106  0.00000000    0.03467686  0.00000000
  0.00744106  0.00000000    0.09149525  0.00000000   -0.06137421  0.00000000
  0.03467686  0.00000000   -0.06137421  0.00000000    0.09979940  0.00000000

     Dynamical  Matrix in cartesian axes

     q = (   -0.416666667  -0.166666667   0.750000000 ) 

    1    1
  0.09979940  0.00000000   -0.03467686  0.00000000   -0.06137421  0.00000000
 -0.03467686  0.00000000    0.09128821  0.00000000   -0.00744106  0.00000000
 -0.06137421  0.00000000   -0.00744106  0.00000000    0.09149525  0.00000000

     Dynamical  Matrix in cartesian axes

     q = (   -0.166666667  -0.416666667  -0.750000000 ) 

    1    1
  0.09128821  0.00000000   -0.03467686  0.00000000    0.00744106  0.00000000
 -0.03467686  0.00000000    0.09979940  0.00000000    0.06137421  0.00000000
  0.00744106  0.00000000    0.06137421  0.00000000    0.09149525  0.00000000

     Dynamical  Matrix in cartesian axes

     q = (   -0.416666667   0.750000000  -0.166666667 ) 

    1    1
  0.09979940  0.00000000   -0.06137421  0.00000000   -0.03467686  0.00000000
 -0.06137421  0.00000000    0.09149525  0.00000000   -0.00744106  0.00000000
 -0.03467686  0.00000000   -0.00744106  0.00000000    0.09128821  0.00000000

     Dynamical  Matrix in cartesian axes

     q = (   -0.166666667   0.416666667   0.750000000 ) 

    1    1
  0.09128821  0.00000000    0.03467686  0.00000000   -0.00744106  0.00000000
  0.03467686  0.00000000    0.09979940  0.00000000    0.06137421  0.00000000
 -0.00744106  0.00000000    0.06137421  0.00000000    0.09149525  0.00000000

     Dynamical  Matrix in cartesian axes

     q = (    0.166666667   0.416666667  -0.750000000 ) 

    1    1
  0.09128821  0.00000000   -0.03467686  0.00000000   -0.00744106  0.00000000
 -0.03467686  0.00000000    0.09979940  0.00000000   -0.06137421  0.00000000
 -0.00744106  0.00000000   -0.06137421  0.00000000    0.09149525  0.00000000

     Dynamical  Matrix in cartesian axes

     q = (    0.166666667   0.750000000  -0.416666667 ) 

    1    1
  0.09128821  0.00000000    0.00744106  0.00000000    0.03467686  0.00000000
  0.00744106  0.00000000    0.09149525  0.00000000   -0.06137421  0.00000000
  0.03467686  0.00000000   -0.06137421  0.00000000    0.09979940  0.00000000

     Dynamical  Matrix in cartesian axes

     q = (    0.166666667  -0.750000000   0.416666667 ) 

    1    1
  0.09128821  0.00000000   -0.00744106  0.00000000   -0.03467686  0.00000000
 -0.00744106  0.00000000    0.09149525  0.00000000   -0.06137421  0.00000000
 -0.03467686  0.00000000   -0.06137421  0.00000000    0.09979940  0.00000000

     Dynamical  Matrix in cartesian axes

     q = (    0.750000000   0.416666667   0.166666667 ) 

    1    1
  0.09149525  0.00000000    0.06137421  0.00000000    0.00744106  0.00000000
  0.06137421  0.00000000    0.09979940  0.00000000   -0.03467686  0.00000000
  0.00744106  0.00000000   -0.03467686  0.00000000    0.09128821  0.00000000

     Dynamical  Matrix in cartesian axes

     q = (   -0.416666667  -0.750000000  -0.166666667 ) 

    1    1
  0.09979940  0.00000000    0.06137421  0.00000000   -0.03467686  0.00000000
  0.06137421  0.00000000    0.09149525  0.00000000    0.00744106  0.00000000
 -0.03467686  0.00000000    0.00744106  0.00000000    0.09128821  0.00000000

     Dynamical  Matrix in cartesian axes

     q = (    0.416666667  -0.750000000   0.166666667 ) 

    1    1
  0.09979940  0.00000000   -0.06137421  0.00000000   -0.03467686  0.00000000
 -0.06137421  0.00000000    0.09149525  0.00000000   -0.00744106  0.00000000
 -0.03467686  0.00000000   -0.00744106  0.00000000    0.09128821  0.00000000

     Dynamical  Matrix in cartesian axes

     q = (   -0.416666667   0.750000000   0.166666667 ) 

    1    1
  0.09979940  0.00000000   -0.06137421  0.00000000    0.03467686  0.00000000
 -0.06137421  0.00000000    0.09149525  0.00000000    0.00744106  0.00000000
  0.03467686  0.00000000    0.00744106  0.00000000    0.09128821  0.00000000

     Dynamical  Matrix in cartesian axes

     q = (    0.416666667   0.750000000  -0.166666667 ) 

    1    1
  0.09979940  0.00000000    0.06137421  0.00000000    0.03467686  0.00000000
  0.06137421  0.00000000    0.09149525  0.00000000   -0.00744106  0.00000000
  0.03467686  0.00000000   -0.00744106  0.00000000    0.09128821  0.00000000

     Dynamical  Matrix in cartesian axes

     q = (    0.750000000  -0.166666667   0.416666667 ) 

    1    1
  0.09149525  0.00000000   -0.00744106  0.00000000    0.06137421  0.00000000
 -0.00744106  0.00000000    0.09128821  0.00000000    0.03467686  0.00000000
  0.06137421  0.00000000    0.03467686  0.00000000    0.09979940  0.00000000

     Dynamical  Matrix in cartesian axes

     q = (   -0.750000000   0.416666667   0.166666667 ) 

    1    1
  0.09149525  0.00000000   -0.06137421  0.00000000   -0.00744106  0.00000000
 -0.06137421  0.00000000    0.09979940  0.00000000   -0.03467686  0.00000000
 -0.00744106  0.00000000   -0.03467686  0.00000000    0.09128821  0.00000000

     Dynamical  Matrix in cartesian axes

     q = (    0.750000000   0.416666667  -0.166666667 ) 

    1    1
  0.09149525  0.00000000    0.06137421  0.00000000   -0.00744106  0.00000000
  0.06137421  0.00000000    0.09979940  0.00000000    0.03467686  0.00000000
 -0.00744106  0.00000000    0.03467686  0.00000000    0.09128821  0.00000000

     Dynamical  Matrix in cartesian axes

     q = (   -0.750000000  -0.416666667  -0.166666667 ) 

    1    1
  0.09149525  0.00000000    0.06137421  0.00000000    0.00744106  0.00000000
  0.06137421  0.00000000    0.09979940  0.00000000   -0.03467686  0.00000000
  0.00744106  0.00000000   -0.03467686  0.00000000    0.09128821  0.00000000

     Dynamical  Matrix in cartesian axes

     q = (    0.750000000  -0.416666667   0.166666667 ) 

    1    1
  0.09149525  0.00000000   -0.06137421  0.00000000    0.00744106  0.00000000
 -0.06137421  0.00000000    0.09979940  0.00000000    0.03467686  0.00000000
  0.00744106  0.00000000    0.03467686  0.00000000    0.09128821  0.00000000

     Dynamical  Matrix in cartesian axes

     q = (    0.416666667   0.166666667  -0.750000000 ) 

    1    1
  0.09979940  0.00000000   -0.03467686  0.00000000   -0.06137421  0.00000000
 -0.03467686  0.00000000    0.09128821  0.00000000   -0.00744106  0.00000000
 -0.06137421  0.00000000   -0.00744106  0.00000000    0.09149525  0.00000000

     Dynamical  Matrix in cartesian axes

     q = (    0.416666667  -0.166666667   0.750000000 ) 

    1    1
  0.09979940  0.00000000    0.03467686  0.00000000    0.06137421  0.00000000
  0.03467686  0.00000000    0.09128821  0.00000000   -0.00744106  0.00000000
  0.06137421  0.00000000   -0.00744106  0.00000000    0.09149525  0.00000000

     Dynamical  Matrix in cartesian axes

     q = (   -0.416666667  -0.166666667  -0.750000000 ) 

    1    1
  0.09979940  0.00000000   -0.03467686  0.00000000    0.06137421  0.00000000
 -0.03467686  0.00000000    0.09128821  0.00000000    0.00744106  0.00000000
  0.06137421  0.00000000    0.00744106  0.00000000    0.09149525  0.00000000

     Dynamical  Matrix in cartesian axes

     q = (   -0.416666667   0.166666667   0.750000000 ) 

    1    1
  0.09979940  0.00000000    0.03467686  0.00000000   -0.06137421  0.00000000
  0.03467686  0.00000000    0.09128821  0.00000000    0.00744106  0.00000000
 -0.06137421  0.00000000    0.00744106  0.00000000    0.09149525  0.00000000

     Diagonalizing the dynamical matrix

     q = (   -0.166666667   0.750000000  -0.416666667 ) 

 **************************************************************************
     freq (    1) =       3.072241 [THz] =     102.478941 [cm-1]
 (  0.398744 -0.000000  0.627944 -0.000000  0.668348 -0.000000 ) 
     freq (    2) =       6.557848 [THz] =     218.746274 [cm-1]
 (  0.868502  0.000000 -0.492586  0.000000 -0.055350  0.000000 ) 
     freq (    3) =       8.480512 [THz] =     282.879444 [cm-1]
 ( -0.294462  0.000000 -0.602532  0.000000  0.741786  0.000000 ) 
 **************************************************************************
