Dynamical matrix file
                                                                           
  1    1  3  6.1240000  0.0000000  0.0000000  0.0000000  0.0000000  0.0000000
           1  'Al  '    24592.588541212976     
    1    1      0.0000000000      0.0000000000      0.0000000000

     Dynamical  Matrix in cartesian axes

     q = (   -0.083333333   0.750000000  -0.333333333 ) 

    1    1
  0.10413577  0.00000000   -0.00843180  0.00000000   -0.01434988  0.00000000
 -0.00843180  0.00000000    0.10835676  0.00000000   -0.05838729  0.00000000
 -0.01434988  0.00000000   -0.05838729  0.00000000    0.11396993  0.00000000

     Dynamical  Matrix in cartesian axes

     q = (    0.750000000  -0.083333333  -0.333333333 ) 

    1    1
  0.10835676  0.00000000   -0.00843180  0.00000000   -0.05838729  0.00000000
 -0.00843180  0.00000000    0.10413577  0.00000000   -0.01434988  0.00000000
 -0.05838729  0.00000000   -0.01434988  0.00000000    0.11396993  0.00000000

     Dynamical  Matrix in cartesian axes

     q = (    0.083333333  -0.333333333   0.750000000 ) 

    1    1
  0.10413577  0.00000000    0.01434988  0.00000000    0.00843180  0.00000000
  0.01434988  0.00000000    0.11396993  0.00000000   -0.05838729  0.00000000
  0.00843180  0.00000000   -0.05838729  0.00000000    0.10835676  0.00000000

     Dynamical  Matrix in cartesian axes

     q = (   -0.083333333  -0.333333333   0.750000000 ) 

    1    1
  0.10413577  0.00000000   -0.01434988  0.00000000   -0.00843180  0.00000000
 -0.01434988  0.00000000    0.11396993  0.00000000   -0.05838729  0.00000000
 -0.00843180  0.00000000   -0.05838729  0.00000000    0.10835676  0.00000000

     Dynamical  Matrix in cartesian axes

     q = (   -0.083333333  -0.750000000  -0.333333333 ) 

    1    1
  0.10413577  0.00000000    0.00843180  0.00000000   -0.01434988  0.00000000
  0.00843180  0.00000000    0.10835676  0.00000000    0.05838729  0.00000000
 -0.01434988  0.00000000    0.05838729  0.00000000    0.11396993  0.00000000

     Dynamical  Matrix in cartesian axes

     q = (   -0.750000000  -0.083333333  -0.333333333 ) 

    1    1
  0.10835676  0.00000000    0.00843180  0.00000000    0.05838729  0.00000000
  0.00843180  0.00000000    0.10413577  0.00000000   -0.01434988  0.00000000
  0.05838729  0.00000000   -0.01434988  0.00000000    0.11396993  0.00000000

     Dynamical  Matrix in cartesian axes

     q = (    0.750000000   0.083333333  -0.333333333 ) 

    1    1
  0.10835676  0.00000000    0.00843180  0.00000000   -0.05838729  0.00000000
  0.00843180  0.00000000    0.10413577  0.00000000    0.01434988  0.00000000
 -0.05838729  0.00000000    0.01434988  0.00000000    0.11396993  0.00000000

     Dynamical  Matrix in cartesian axes

     q = (    0.083333333   0.750000000  -0.333333333 ) 

    1    1
  0.10413577  0.00000000    0.00843180  0.00000000    0.01434988  0.00000000
  0.00843180  0.00000000    0.10835676  0.00000000   -0.05838729  0.00000000
  0.01434988  0.00000000   -0.05838729  0.00000000    0.11396993  0.00000000

     Dynamical  Matrix in cartesian axes

     q = (   -0.750000000   0.333333333  -0.083333333 ) 

    1    1
  0.10835676  0.00000000   -0.05838729  0.00000000    0.00843180  0.00000000
 -0.05838729  0.00000000    0.11396993  0.00000000    0.01434988  0.00000000
  0.00843180  0.00000000    0.01434988  0.00000000    0.10413577  0.00000000

     Dynamical  Matrix in cartesian axes

     q = (    0.083333333  -0.750000000  -0.333333333 ) 

    1    1
  0.10413577  0.00000000   -0.00843180  0.00000000    0.01434988  0.00000000
 -0.00843180  0.00000000    0.10835676  0.00000000    0.05838729  0.00000000
  0.01434988  0.00000000    0.05838729  0.00000000    0.11396993  0.00000000

     Dynamical  Matrix in cartesian axes

     q = (   -0.333333333   0.083333333  -0.750000000 ) 

    1    1
  0.11396993  0.00000000    0.01434988  0.00000000    0.05838729  0.00000000
  0.01434988  0.00000000    0.10413577  0.00000000   -0.00843180  0.00000000
  0.05838729  0.00000000   -0.00843180  0.00000000    0.10835676  0.00000000

     Dynamical  Matrix in cartesian axes

     q = (    0.333333333   0.083333333   0.750000000 ) 

    1    1
  0.11396993  0.00000000   -0.01434988  0.00000000    0.05838729  0.00000000
 -0.01434988  0.00000000    0.10413577  0.00000000    0.00843180  0.00000000
  0.05838729  0.00000000    0.00843180  0.00000000    0.10835676  0.00000000

     Dynamical  Matrix in cartesian axes

     q = (    0.333333333  -0.083333333  -0.750000000 ) 

    1    1
  0.11396993  0.00000000    0.01434988  0.00000000   -0.05838729  0.00000000
  0.01434988  0.00000000    0.10413577  0.00000000    0.00843180  0.00000000
 -0.05838729  0.00000000    0.00843180  0.00000000    0.10835676  0.00000000

     Dynamical  Matrix in cartesian axes

     q = (    0.083333333   0.750000000   0.333333333 ) 

    1    1
  0.10413577  0.00000000    0.00843180  0.00000000   -0.01434988  0.00000000
  0.00843180  0.00000000    0.10835676  0.00000000    0.05838729  0.00000000
 -0.01434988  0.00000000    0.05838729  0.00000000    0.11396993  0.00000000

     Dynamical  Matrix in cartesian axes

     q = (   -0.083333333   0.333333333  -0.750000000 ) 

    1    1
  0.10413577  0.00000000    0.01434988  0.00000000    0.00843180  0.00000000
  0.01434988  0.00000000    0.11396993  0.00000000   -0.05838729  0.00000000
  0.00843180  0.00000000   -0.05838729  0.00000000    0.10835676  0.00000000

     Dynamical  Matrix in cartesian axes

     q = (   -0.750000000  -0.083333333   0.333333333 ) 

    1    1
  0.10835676  0.00000000    0.00843180  0.00000000   -0.05838729  0.00000000
  0.00843180  0.00000000    0.10413577  0.00000000    0.01434988  0.00000000
 -0.05838729  0.00000000    0.01434988  0.00000000    0.11396993  0.00000000

     Dynamical  Matrix in cartesian axes

     q = (    0.750000000   0.083333333   0.333333333 ) 

    1    1
  0.10835676  0.00000000    0.00843180  0.00000000    0.05838729  0.00000000
  0.00843180  0.00000000    0.10413577  0.00000000   -0.01434988  0.00000000
  0.05838729  0.00000000   -0.01434988  0.00000000    0.11396993  0.00000000

     Dynamical  Matrix in cartesian axes

     q = (    0.333333333   0.750000000   0.083333333 ) 

    1    1
  0.11396993  0.00000000    0.05838729  0.00000000   -0.01434988  0.00000000
  0.05838729  0.00000000    0.10835676  0.00000000    0.00843180  0.00000000
 -0.01434988  0.00000000    0.00843180  0.00000000    0.10413577  0.00000000

     Dynamical  Matrix in cartesian axes

     q = (    0.333333333  -0.750000000  -0.083333333 ) 

    1    1
  0.11396993  0.00000000   -0.05838729  0.00000000    0.01434988  0.00000000
 -0.05838729  0.00000000    0.10835676  0.00000000    0.00843180  0.00000000
  0.01434988  0.00000000    0.00843180  0.00000000    0.10413577  0.00000000

     Dynamical  Matrix in cartesian axes

     q = (   -0.333333333  -0.750000000   0.083333333 ) 

    1    1
  0.11396993  0.00000000    0.05838729  0.00000000    0.01434988  0.00000000
  0.05838729  0.00000000    0.10835676  0.00000000   -0.00843180  0.00000000
  0.01434988  0.00000000   -0.00843180  0.00000000    0.10413577  0.00000000

     Dynamical  Matrix in cartesian axes

     q = (    0.750000000  -0.333333333  -0.083333333 ) 

    1    1
  0.10835676  0.00000000   -0.05838729  0.00000000   -0.00843180  0.00000000
 -0.05838729  0.00000000    0.11396993  0.00000000   -0.01434988  0.00000000
 -0.00843180  0.00000000   -0.01434988  0.00000000    0.10413577  0.00000000

     Dynamical  Matrix in cartesian axes

     q = (   -0.750000000   0.083333333  -0.333333333 ) 

    1    1
  0.10835676  0.00000000   -0.00843180  0.00000000    0.05838729  0.00000000
 -0.00843180  0.00000000    0.10413577  0.00000000    0.01434988  0.00000000
  0.05838729  0.00000000    0.01434988  0.00000000    0.11396993  0.00000000

     Dynamical  Matrix in cartesian axes

     q = (    0.083333333   0.333333333   0.750000000 ) 

    1    1
  0.10413577  0.00000000   -0.01434988  0.00000000    0.00843180  0.00000000
 -0.01434988  0.00000000    0.11396993  0.00000000    0.05838729  0.00000000
  0.00843180  0.00000000    0.05838729  0.00000000    0.10835676  0.00000000

     Dynamical  Matrix in cartesian axes

     q = (    0.083333333  -0.333333333  -0.750000000 ) 

    1    1
  0.10413577  0.00000000    0.01434988  0.00000000   -0.00843180  0.00000000
  0.01434988  0.00000000    0.11396993  0.00000000    0.05838729  0.00000000
 -0.00843180  0.00000000    0.05838729  0.00000000    0.10835676  0.00000000

     Dynamical  Matrix in cartesian axes

     q = (   -0.750000000   0.083333333   0.333333333 ) 

    1    1
  0.10835676  0.00000000   -0.00843180  0.00000000   -0.05838729  0.00000000
 -0.00843180  0.00000000    0.10413577  0.00000000   -0.01434988  0.00000000
 -0.05838729  0.00000000   -0.01434988  0.00000000    0.11396993  0.00000000

     Dynamical  Matrix in cartesian axes

     q = (   -0.083333333   0.750000000   0.333333333 ) 

    1    1
  0.10413577  0.00000000   -0.00843180  0.00000000    0.01434988  0.00000000
 -0.00843180  0.00000000    0.10835676  0.00000000    0.05838729  0.00000000
  0.01434988  0.00000000    0.05838729  0.00000000    0.11396993  0.00000000

     Dynamical  Matrix in cartesian axes

     q = (   -0.083333333  -0.750000000   0.333333333 ) 

    1    1
  0.10413577  0.00000000    0.00843180  0.00000000    0.01434988  0.00000000
  0.00843180  0.00000000    0.10835676  0.00000000   -0.05838729  0.00000000
  0.01434988  0.00000000   -0.05838729  0.00000000    0.11396993  0.00000000

     Dynamical  Matrix in cartesian axes

     q = (   -0.333333333  -0.083333333   0.750000000 ) 

    1    1
  0.11396993  0.00000000   -0.01434988  0.00000000   -0.05838729  0.00000000
 -0.01434988  0.00000000    0.10413577  0.00000000   -0.00843180  0.00000000
 -0.05838729  0.00000000   -0.00843180  0.00000000    0.10835676  0.00000000

     Dynamical  Matrix in cartesian axes

     q = (   -0.083333333  -0.333333333  -0.750000000 ) 

    1    1
  0.10413577  0.00000000   -0.01434988  0.00000000    0.00843180  0.00000000
 -0.01434988  0.00000000    0.11396993  0.00000000    0.05838729  0.00000000
  0.00843180  0.00000000    0.05838729  0.00000000    0.10835676  0.00000000

     Dynamical  Matrix in cartesian axes

     q = (   -0.333333333   0.750000000  -0.083333333 ) 

    1    1
  0.11396993  0.00000000   -0.05838729  0.00000000   -0.01434988  0.00000000
 -0.05838729  0.00000000    0.10835676  0.00000000   -0.00843180  0.00000000
 -0.01434988  0.00000000   -0.00843180  0.00000000    0.10413577  0.00000000

     Dynamical  Matrix in cartesian axes

     q = (   -0.083333333   0.333333333   0.750000000 ) 

    1    1
  0.10413577  0.00000000    0.01434988  0.00000000   -0.00843180  0.00000000
  0.01434988  0.00000000    0.11396993  0.00000000    0.05838729  0.00000000
 -0.00843180  0.00000000    0.05838729  0.00000000    0.10835676  0.00000000

     Dynamical  Matrix in cartesian axes

     q = (    0.083333333   0.333333333  -0.750000000 ) 

    1    1
  0.10413577  0.00000000   -0.01434988  0.00000000   -0.00843180  0.00000000
 -0.01434988  0.00000000    0.11396993  0.00000000   -0.05838729  0.00000000
 -0.00843180  0.00000000   -0.05838729  0.00000000    0.10835676  0.00000000

     Dynamical  Matrix in cartesian axes

     q = (   -0.750000000  -0.333333333   0.083333333 ) 

    1    1
  0.10835676  0.00000000    0.05838729  0.00000000   -0.00843180  0.00000000
  0.05838729  0.00000000    0.11396993  0.00000000    0.01434988  0.00000000
 -0.00843180  0.00000000    0.01434988  0.00000000    0.10413577  0.00000000

     Dynamical  Matrix in cartesian axes

     q = (    0.083333333  -0.750000000   0.333333333 ) 

    1    1
  0.10413577  0.00000000   -0.00843180  0.00000000   -0.01434988  0.00000000
 -0.00843180  0.00000000    0.10835676  0.00000000   -0.05838729  0.00000000
 -0.01434988  0.00000000   -0.05838729  0.00000000    0.11396993  0.00000000

     Dynamical  Matrix in cartesian axes

     q = (    0.750000000   0.333333333   0.083333333 ) 

    1    1
  0.10835676  0.00000000    0.05838729  0.00000000    0.00843180  0.00000000
  0.05838729  0.00000000    0.11396993  0.00000000   -0.01434988  0.00000000
  0.00843180  0.00000000   -0.01434988  0.00000000    0.10413577  0.00000000

     Dynamical  Matrix in cartesian axes

     q = (   -0.333333333  -0.750000000  -0.083333333 ) 

    1    1
  0.11396993  0.00000000    0.05838729  0.00000000   -0.01434988  0.00000000
  0.05838729  0.00000000    0.10835676  0.00000000    0.00843180  0.00000000
 -0.01434988  0.00000000    0.00843180  0.00000000    0.10413577  0.00000000

     Dynamical  Matrix in cartesian axes

     q = (    0.333333333  -0.750000000   0.083333333 ) 

    1    1
  0.11396993  0.00000000   -0.05838729  0.00000000   -0.01434988  0.00000000
 -0.05838729  0.00000000    0.10835676  0.00000000   -0.00843180  0.00000000
 -0.01434988  0.00000000   -0.00843180  0.00000000    0.10413577  0.00000000

     Dynamical  Matrix in cartesian axes

     q = (   -0.333333333   0.750000000   0.083333333 ) 

    1    1
  0.11396993  0.00000000   -0.05838729  0.00000000    0.01434988  0.00000000
 -0.05838729  0.00000000    0.10835676  0.00000000    0.00843180  0.00000000
  0.01434988  0.00000000    0.00843180  0.00000000    0.10413577  0.00000000

     Dynamical  Matrix in cartesian axes

     q = (    0.333333333   0.750000000  -0.083333333 ) 

    1    1
  0.11396993  0.00000000    0.05838729  0.00000000    0.01434988  0.00000000
  0.05838729  0.00000000    0.10835676  0.00000000   -0.00843180  0.00000000
  0.01434988  0.00000000   -0.00843180  0.00000000    0.10413577  0.00000000

     Dynamical  Matrix in cartesian axes

     q = (    0.750000000  -0.083333333   0.333333333 ) 

    1    1
  0.10835676  0.00000000   -0.00843180  0.00000000    0.05838729  0.00000000
 -0.00843180  0.00000000    0.10413577  0.00000000    0.01434988  0.00000000
  0.05838729  0.00000000    0.01434988  0.00000000    0.11396993  0.00000000

     Dynamical  Matrix in cartesian axes

     q = (   -0.750000000   0.333333333   0.083333333 ) 

    1    1
  0.10835676  0.00000000   -0.05838729  0.00000000   -0.00843180  0.00000000
 -0.05838729  0.00000000    0.11396993  0.00000000   -0.01434988  0.00000000
 -0.00843180  0.00000000   -0.01434988  0.00000000    0.10413577  0.00000000

     Dynamical  Matrix in cartesian axes

     q = (    0.750000000   0.333333333  -0.083333333 ) 

    1    1
  0.10835676  0.00000000    0.05838729  0.00000000   -0.00843180  0.00000000
  0.05838729  0.00000000    0.11396993  0.00000000    0.01434988  0.00000000
 -0.00843180  0.00000000    0.01434988  0.00000000    0.10413577  0.00000000

     Dynamical  Matrix in cartesian axes

     q = (   -0.750000000  -0.333333333  -0.083333333 ) 

    1    1
  0.10835676  0.00000000    0.05838729  0.00000000    0.00843180  0.00000000
  0.05838729  0.00000000    0.11396993  0.00000000   -0.01434988  0.00000000
  0.00843180  0.00000000   -0.01434988  0.00000000    0.10413577  0.00000000

     Dynamical  Matrix in cartesian axes

     q = (    0.750000000  -0.333333333   0.083333333 ) 

    1    1
  0.10835676  0.00000000   -0.05838729  0.00000000    0.00843180  0.00000000
 -0.05838729  0.00000000    0.11396993  0.00000000    0.01434988  0.00000000
  0.00843180  0.00000000    0.01434988  0.00000000    0.10413577  0.00000000

     Dynamical  Matrix in cartesian axes

     q = (    0.333333333   0.083333333  -0.750000000 ) 

    1    1
  0.11396993  0.00000000   -0.01434988  0.00000000   -0.05838729  0.00000000
 -0.01434988  0.00000000    0.10413577  0.00000000   -0.00843180  0.00000000
 -0.05838729  0.00000000   -0.00843180  0.00000000    0.10835676  0.00000000

     Dynamical  Matrix in cartesian axes

     q = (    0.333333333  -0.083333333   0.750000000 ) 

    1    1
  0.11396993  0.00000000    0.01434988  0.00000000    0.05838729  0.00000000
  0.01434988  0.00000000    0.10413577  0.00000000   -0.00843180  0.00000000
  0.05838729  0.00000000   -0.00843180  0.00000000    0.10835676  0.00000000

     Dynamical  Matrix in cartesian axes

     q = (   -0.333333333  -0.083333333  -0.750000000 ) 

    1    1
  0.11396993  0.00000000   -0.01434988  0.00000000    0.05838729  0.00000000
 -0.01434988  0.00000000    0.10413577  0.00000000    0.00843180  0.00000000
  0.05838729  0.00000000    0.00843180  0.00000000    0.10835676  0.00000000

     Dynamical  Matrix in cartesian axes

     q = (   -0.333333333   0.083333333   0.750000000 ) 

    1    1
  0.11396993  0.00000000    0.01434988  0.00000000   -0.05838729  0.00000000
  0.01434988  0.00000000    0.10413577  0.00000000    0.00843180  0.00000000
 -0.05838729  0.00000000    0.00843180  0.00000000    0.10835676  0.00000000

     Diagonalizing the dynamical matrix

     q = (   -0.083333333   0.750000000  -0.333333333 ) 

 **************************************************************************
     freq (    1) =       4.601981 [THz] =     153.505550 [cm-1]
 ( -0.275488  0.000000 -0.688682  0.000000 -0.670689  0.000000 ) 
     freq (    2) =       6.906782 [THz] =     230.385450 [cm-1]
 (  0.958631  0.000000 -0.248808  0.000000 -0.138278  0.000000 ) 
     freq (    3) =       8.648262 [THz] =     288.474962 [cm-1]
 (  0.071643  0.000000  0.681037  0.000000 -0.728735  0.000000 ) 
 **************************************************************************
