Dynamical matrix file
                                                                           
  1    1  3  6.1240000  0.0000000  0.0000000  0.0000000  0.0000000  0.0000000
           1  'Al  '    24592.588541212976     
    1    1      0.0000000000      0.0000000000      0.0000000000

     Dynamical  Matrix in cartesian axes

     q = (   -0.083333333  -0.166666667   0.250000000 ) 

    1    1
  0.02864691  0.00000000    0.00948990  0.00000000   -0.01689438  0.00000000
  0.00948990  0.00000000    0.02969324  0.00000000   -0.03672500  0.00000000
 -0.01689438  0.00000000   -0.03672500  0.00000000    0.03138581  0.00000000

     Dynamical  Matrix in cartesian axes

     q = (   -0.166666667  -0.083333333   0.250000000 ) 

    1    1
  0.02969324  0.00000000    0.00948990  0.00000000   -0.03672500  0.00000000
  0.00948990  0.00000000    0.02864691  0.00000000   -0.01689438  0.00000000
 -0.03672500  0.00000000   -0.01689438  0.00000000    0.03138581  0.00000000

     Dynamical  Matrix in cartesian axes

     q = (    0.083333333  -0.250000000   0.166666667 ) 

    1    1
  0.02864691  0.00000000   -0.01689438  0.00000000    0.00948990  0.00000000
 -0.01689438  0.00000000    0.03138581  0.00000000   -0.03672500  0.00000000
  0.00948990  0.00000000   -0.03672500  0.00000000    0.02969324  0.00000000

     Dynamical  Matrix in cartesian axes

     q = (   -0.083333333  -0.250000000   0.166666667 ) 

    1    1
  0.02864691  0.00000000    0.01689438  0.00000000   -0.00948990  0.00000000
  0.01689438  0.00000000    0.03138581  0.00000000   -0.03672500  0.00000000
 -0.00948990  0.00000000   -0.03672500  0.00000000    0.02969324  0.00000000

     Dynamical  Matrix in cartesian axes

     q = (   -0.083333333   0.166666667  -0.250000000 ) 

    1    1
  0.02864691  0.00000000   -0.00948990  0.00000000    0.01689438  0.00000000
 -0.00948990  0.00000000    0.02969324  0.00000000   -0.03672500  0.00000000
  0.01689438  0.00000000   -0.03672500  0.00000000    0.03138581  0.00000000

     Dynamical  Matrix in cartesian axes

     q = (   -0.083333333   0.250000000  -0.166666667 ) 

    1    1
  0.02864691  0.00000000   -0.01689438  0.00000000    0.00948990  0.00000000
 -0.01689438  0.00000000    0.03138581  0.00000000   -0.03672500  0.00000000
  0.00948990  0.00000000   -0.03672500  0.00000000    0.02969324  0.00000000

     Dynamical  Matrix in cartesian axes

     q = (    0.083333333   0.250000000  -0.166666667 ) 

    1    1
  0.02864691  0.00000000    0.01689438  0.00000000   -0.00948990  0.00000000
  0.01689438  0.00000000    0.03138581  0.00000000   -0.03672500  0.00000000
 -0.00948990  0.00000000   -0.03672500  0.00000000    0.02969324  0.00000000

     Dynamical  Matrix in cartesian axes

     q = (    0.083333333   0.166666667  -0.250000000 ) 

    1    1
  0.02864691  0.00000000    0.00948990  0.00000000   -0.01689438  0.00000000
  0.00948990  0.00000000    0.02969324  0.00000000   -0.03672500  0.00000000
 -0.01689438  0.00000000   -0.03672500  0.00000000    0.03138581  0.00000000

     Dynamical  Matrix in cartesian axes

     q = (    0.166666667  -0.250000000  -0.083333333 ) 

    1    1
  0.02969324  0.00000000   -0.03672500  0.00000000   -0.00948990  0.00000000
 -0.03672500  0.00000000    0.03138581  0.00000000    0.01689438  0.00000000
 -0.00948990  0.00000000    0.01689438  0.00000000    0.02864691  0.00000000

     Dynamical  Matrix in cartesian axes

     q = (    0.166666667   0.250000000   0.083333333 ) 

    1    1
  0.02969324  0.00000000    0.03672500  0.00000000    0.00948990  0.00000000
  0.03672500  0.00000000    0.03138581  0.00000000    0.01689438  0.00000000
  0.00948990  0.00000000    0.01689438  0.00000000    0.02864691  0.00000000

     Dynamical  Matrix in cartesian axes

     q = (    0.250000000   0.083333333   0.166666667 ) 

    1    1
  0.03138581  0.00000000    0.01689438  0.00000000    0.03672500  0.00000000
  0.01689438  0.00000000    0.02864691  0.00000000    0.00948990  0.00000000
  0.03672500  0.00000000    0.00948990  0.00000000    0.02969324  0.00000000

     Dynamical  Matrix in cartesian axes

     q = (   -0.083333333   0.166666667   0.250000000 ) 

    1    1
  0.02864691  0.00000000   -0.00948990  0.00000000   -0.01689438  0.00000000
 -0.00948990  0.00000000    0.02969324  0.00000000    0.03672500  0.00000000
 -0.01689438  0.00000000    0.03672500  0.00000000    0.03138581  0.00000000

     Dynamical  Matrix in cartesian axes

     q = (   -0.250000000  -0.083333333   0.166666667 ) 

    1    1
  0.03138581  0.00000000    0.01689438  0.00000000   -0.03672500  0.00000000
  0.01689438  0.00000000    0.02864691  0.00000000   -0.00948990  0.00000000
 -0.03672500  0.00000000   -0.00948990  0.00000000    0.02969324  0.00000000

     Dynamical  Matrix in cartesian axes

     q = (    0.083333333  -0.166666667  -0.250000000 ) 

    1    1
  0.02864691  0.00000000   -0.00948990  0.00000000   -0.01689438  0.00000000
 -0.00948990  0.00000000    0.02969324  0.00000000    0.03672500  0.00000000
 -0.01689438  0.00000000    0.03672500  0.00000000    0.03138581  0.00000000

     Dynamical  Matrix in cartesian axes

     q = (   -0.166666667   0.250000000  -0.083333333 ) 

    1    1
  0.02969324  0.00000000   -0.03672500  0.00000000    0.00948990  0.00000000
 -0.03672500  0.00000000    0.03138581  0.00000000   -0.01689438  0.00000000
  0.00948990  0.00000000   -0.01689438  0.00000000    0.02864691  0.00000000

     Dynamical  Matrix in cartesian axes

     q = (    0.166666667  -0.083333333  -0.250000000 ) 

    1    1
  0.02969324  0.00000000   -0.00948990  0.00000000   -0.03672500  0.00000000
 -0.00948990  0.00000000    0.02864691  0.00000000    0.01689438  0.00000000
 -0.03672500  0.00000000    0.01689438  0.00000000    0.03138581  0.00000000

     Dynamical  Matrix in cartesian axes

     q = (   -0.166666667   0.083333333  -0.250000000 ) 

    1    1
  0.02969324  0.00000000   -0.00948990  0.00000000    0.03672500  0.00000000
 -0.00948990  0.00000000    0.02864691  0.00000000   -0.01689438  0.00000000
  0.03672500  0.00000000   -0.01689438  0.00000000    0.03138581  0.00000000

     Dynamical  Matrix in cartesian axes

     q = (   -0.250000000   0.083333333  -0.166666667 ) 

    1    1
  0.03138581  0.00000000   -0.01689438  0.00000000    0.03672500  0.00000000
 -0.01689438  0.00000000    0.02864691  0.00000000   -0.00948990  0.00000000
  0.03672500  0.00000000   -0.00948990  0.00000000    0.02969324  0.00000000

     Dynamical  Matrix in cartesian axes

     q = (   -0.250000000   0.166666667  -0.083333333 ) 

    1    1
  0.03138581  0.00000000   -0.03672500  0.00000000    0.01689438  0.00000000
 -0.03672500  0.00000000    0.02969324  0.00000000   -0.00948990  0.00000000
  0.01689438  0.00000000   -0.00948990  0.00000000    0.02864691  0.00000000

     Dynamical  Matrix in cartesian axes

     q = (    0.250000000   0.166666667   0.083333333 ) 

    1    1
  0.03138581  0.00000000    0.03672500  0.00000000    0.01689438  0.00000000
  0.03672500  0.00000000    0.02969324  0.00000000    0.00948990  0.00000000
  0.01689438  0.00000000    0.00948990  0.00000000    0.02864691  0.00000000

     Dynamical  Matrix in cartesian axes

     q = (    0.083333333  -0.166666667   0.250000000 ) 

    1    1
  0.02864691  0.00000000   -0.00948990  0.00000000    0.01689438  0.00000000
 -0.00948990  0.00000000    0.02969324  0.00000000   -0.03672500  0.00000000
  0.01689438  0.00000000   -0.03672500  0.00000000    0.03138581  0.00000000

     Dynamical  Matrix in cartesian axes

     q = (   -0.250000000  -0.166666667   0.083333333 ) 

    1    1
  0.03138581  0.00000000    0.03672500  0.00000000   -0.01689438  0.00000000
  0.03672500  0.00000000    0.02969324  0.00000000   -0.00948990  0.00000000
 -0.01689438  0.00000000   -0.00948990  0.00000000    0.02864691  0.00000000

     Dynamical  Matrix in cartesian axes

     q = (    0.083333333  -0.250000000  -0.166666667 ) 

    1    1
  0.02864691  0.00000000   -0.01689438  0.00000000   -0.00948990  0.00000000
 -0.01689438  0.00000000    0.03138581  0.00000000    0.03672500  0.00000000
 -0.00948990  0.00000000    0.03672500  0.00000000    0.02969324  0.00000000

     Dynamical  Matrix in cartesian axes

     q = (    0.083333333   0.250000000   0.166666667 ) 

    1    1
  0.02864691  0.00000000    0.01689438  0.00000000    0.00948990  0.00000000
  0.01689438  0.00000000    0.03138581  0.00000000    0.03672500  0.00000000
  0.00948990  0.00000000    0.03672500  0.00000000    0.02969324  0.00000000

     Dynamical  Matrix in cartesian axes

     q = (    0.166666667   0.083333333  -0.250000000 ) 

    1    1
  0.02969324  0.00000000    0.00948990  0.00000000   -0.03672500  0.00000000
  0.00948990  0.00000000    0.02864691  0.00000000   -0.01689438  0.00000000
 -0.03672500  0.00000000   -0.01689438  0.00000000    0.03138581  0.00000000

     Dynamical  Matrix in cartesian axes

     q = (   -0.083333333  -0.166666667  -0.250000000 ) 

    1    1
  0.02864691  0.00000000    0.00948990  0.00000000    0.01689438  0.00000000
  0.00948990  0.00000000    0.02969324  0.00000000    0.03672500  0.00000000
  0.01689438  0.00000000    0.03672500  0.00000000    0.03138581  0.00000000

     Dynamical  Matrix in cartesian axes

     q = (    0.250000000  -0.083333333  -0.166666667 ) 

    1    1
  0.03138581  0.00000000   -0.01689438  0.00000000   -0.03672500  0.00000000
 -0.01689438  0.00000000    0.02864691  0.00000000    0.00948990  0.00000000
 -0.03672500  0.00000000    0.00948990  0.00000000    0.02969324  0.00000000

     Dynamical  Matrix in cartesian axes

     q = (    0.166666667  -0.083333333   0.250000000 ) 

    1    1
  0.02969324  0.00000000   -0.00948990  0.00000000    0.03672500  0.00000000
 -0.00948990  0.00000000    0.02864691  0.00000000   -0.01689438  0.00000000
  0.03672500  0.00000000   -0.01689438  0.00000000    0.03138581  0.00000000

     Dynamical  Matrix in cartesian axes

     q = (   -0.083333333   0.250000000   0.166666667 ) 

    1    1
  0.02864691  0.00000000   -0.01689438  0.00000000   -0.00948990  0.00000000
 -0.01689438  0.00000000    0.03138581  0.00000000    0.03672500  0.00000000
 -0.00948990  0.00000000    0.03672500  0.00000000    0.02969324  0.00000000

     Dynamical  Matrix in cartesian axes

     q = (   -0.166666667   0.083333333   0.250000000 ) 

    1    1
  0.02969324  0.00000000   -0.00948990  0.00000000   -0.03672500  0.00000000
 -0.00948990  0.00000000    0.02864691  0.00000000    0.01689438  0.00000000
 -0.03672500  0.00000000    0.01689438  0.00000000    0.03138581  0.00000000

     Dynamical  Matrix in cartesian axes

     q = (   -0.083333333  -0.250000000  -0.166666667 ) 

    1    1
  0.02864691  0.00000000    0.01689438  0.00000000    0.00948990  0.00000000
  0.01689438  0.00000000    0.03138581  0.00000000    0.03672500  0.00000000
  0.00948990  0.00000000    0.03672500  0.00000000    0.02969324  0.00000000

     Dynamical  Matrix in cartesian axes

     q = (    0.250000000  -0.166666667  -0.083333333 ) 

    1    1
  0.03138581  0.00000000   -0.03672500  0.00000000   -0.01689438  0.00000000
 -0.03672500  0.00000000    0.02969324  0.00000000    0.00948990  0.00000000
 -0.01689438  0.00000000    0.00948990  0.00000000    0.02864691  0.00000000

     Dynamical  Matrix in cartesian axes

     q = (    0.083333333   0.166666667   0.250000000 ) 

    1    1
  0.02864691  0.00000000    0.00948990  0.00000000    0.01689438  0.00000000
  0.00948990  0.00000000    0.02969324  0.00000000    0.03672500  0.00000000
  0.01689438  0.00000000    0.03672500  0.00000000    0.03138581  0.00000000

     Dynamical  Matrix in cartesian axes

     q = (    0.166666667   0.083333333   0.250000000 ) 

    1    1
  0.02969324  0.00000000    0.00948990  0.00000000    0.03672500  0.00000000
  0.00948990  0.00000000    0.02864691  0.00000000    0.01689438  0.00000000
  0.03672500  0.00000000    0.01689438  0.00000000    0.03138581  0.00000000

     Dynamical  Matrix in cartesian axes

     q = (   -0.166666667  -0.250000000   0.083333333 ) 

    1    1
  0.02969324  0.00000000    0.03672500  0.00000000   -0.00948990  0.00000000
  0.03672500  0.00000000    0.03138581  0.00000000   -0.01689438  0.00000000
 -0.00948990  0.00000000   -0.01689438  0.00000000    0.02864691  0.00000000

     Dynamical  Matrix in cartesian axes

     q = (    0.250000000   0.166666667  -0.083333333 ) 

    1    1
  0.03138581  0.00000000    0.03672500  0.00000000   -0.01689438  0.00000000
  0.03672500  0.00000000    0.02969324  0.00000000   -0.00948990  0.00000000
 -0.01689438  0.00000000   -0.00948990  0.00000000    0.02864691  0.00000000

     Dynamical  Matrix in cartesian axes

     q = (   -0.250000000   0.166666667   0.083333333 ) 

    1    1
  0.03138581  0.00000000   -0.03672500  0.00000000   -0.01689438  0.00000000
 -0.03672500  0.00000000    0.02969324  0.00000000    0.00948990  0.00000000
 -0.01689438  0.00000000    0.00948990  0.00000000    0.02864691  0.00000000

     Dynamical  Matrix in cartesian axes

     q = (    0.250000000  -0.166666667   0.083333333 ) 

    1    1
  0.03138581  0.00000000   -0.03672500  0.00000000    0.01689438  0.00000000
 -0.03672500  0.00000000    0.02969324  0.00000000   -0.00948990  0.00000000
  0.01689438  0.00000000   -0.00948990  0.00000000    0.02864691  0.00000000

     Dynamical  Matrix in cartesian axes

     q = (   -0.250000000  -0.166666667  -0.083333333 ) 

    1    1
  0.03138581  0.00000000    0.03672500  0.00000000    0.01689438  0.00000000
  0.03672500  0.00000000    0.02969324  0.00000000    0.00948990  0.00000000
  0.01689438  0.00000000    0.00948990  0.00000000    0.02864691  0.00000000

     Dynamical  Matrix in cartesian axes

     q = (   -0.166666667  -0.083333333  -0.250000000 ) 

    1    1
  0.02969324  0.00000000    0.00948990  0.00000000    0.03672500  0.00000000
  0.00948990  0.00000000    0.02864691  0.00000000    0.01689438  0.00000000
  0.03672500  0.00000000    0.01689438  0.00000000    0.03138581  0.00000000

     Dynamical  Matrix in cartesian axes

     q = (    0.166666667  -0.250000000   0.083333333 ) 

    1    1
  0.02969324  0.00000000   -0.03672500  0.00000000    0.00948990  0.00000000
 -0.03672500  0.00000000    0.03138581  0.00000000   -0.01689438  0.00000000
  0.00948990  0.00000000   -0.01689438  0.00000000    0.02864691  0.00000000

     Dynamical  Matrix in cartesian axes

     q = (   -0.166666667  -0.250000000  -0.083333333 ) 

    1    1
  0.02969324  0.00000000    0.03672500  0.00000000    0.00948990  0.00000000
  0.03672500  0.00000000    0.03138581  0.00000000    0.01689438  0.00000000
  0.00948990  0.00000000    0.01689438  0.00000000    0.02864691  0.00000000

     Dynamical  Matrix in cartesian axes

     q = (    0.166666667   0.250000000  -0.083333333 ) 

    1    1
  0.02969324  0.00000000    0.03672500  0.00000000   -0.00948990  0.00000000
  0.03672500  0.00000000    0.03138581  0.00000000   -0.01689438  0.00000000
 -0.00948990  0.00000000   -0.01689438  0.00000000    0.02864691  0.00000000

     Dynamical  Matrix in cartesian axes

     q = (   -0.166666667   0.250000000   0.083333333 ) 

    1    1
  0.02969324  0.00000000   -0.03672500  0.00000000   -0.00948990  0.00000000
 -0.03672500  0.00000000    0.03138581  0.00000000    0.01689438  0.00000000
 -0.00948990  0.00000000    0.01689438  0.00000000    0.02864691  0.00000000

     Dynamical  Matrix in cartesian axes

     q = (   -0.250000000   0.083333333   0.166666667 ) 

    1    1
  0.03138581  0.00000000   -0.01689438  0.00000000   -0.03672500  0.00000000
 -0.01689438  0.00000000    0.02864691  0.00000000    0.00948990  0.00000000
 -0.03672500  0.00000000    0.00948990  0.00000000    0.02969324  0.00000000

     Dynamical  Matrix in cartesian axes

     q = (   -0.250000000  -0.083333333  -0.166666667 ) 

    1    1
  0.03138581  0.00000000    0.01689438  0.00000000    0.03672500  0.00000000
  0.01689438  0.00000000    0.02864691  0.00000000    0.00948990  0.00000000
  0.03672500  0.00000000    0.00948990  0.00000000    0.02969324  0.00000000

     Dynamical  Matrix in cartesian axes

     q = (    0.250000000  -0.083333333   0.166666667 ) 

    1    1
  0.03138581  0.00000000   -0.01689438  0.00000000    0.03672500  0.00000000
 -0.01689438  0.00000000    0.02864691  0.00000000   -0.00948990  0.00000000
  0.03672500  0.00000000   -0.00948990  0.00000000    0.02969324  0.00000000

     Dynamical  Matrix in cartesian axes

     q = (    0.250000000   0.083333333  -0.166666667 ) 

    1    1
  0.03138581  0.00000000    0.01689438  0.00000000   -0.03672500  0.00000000
  0.01689438  0.00000000    0.02864691  0.00000000   -0.00948990  0.00000000
 -0.03672500  0.00000000   -0.00948990  0.00000000    0.02969324  0.00000000

     Diagonalizing the dynamical matrix

     q = (   -0.083333333  -0.166666667   0.250000000 ) 

 **************************************************************************
     freq (    1) =      -1.756415 [THz] =     -58.587691 [cm-1]
 (  0.160033 -0.000000  0.677218 -0.000000  0.718167  0.000000 ) 
     freq (    2) =       3.100063 [THz] =     103.406959 [cm-1]
 (  0.912211  0.000000 -0.379456  0.000000  0.154547  0.000000 ) 
     freq (    3) =       5.741297 [THz] =     191.509055 [cm-1]
 ( -0.377175  0.000000 -0.630388  0.000000  0.678492  0.000000 ) 
 **************************************************************************
