Dynamical matrix file
                                                                           
  1    1  3  6.1240000  0.0000000  0.0000000  0.0000000  0.0000000  0.0000000
           1  'Al  '    24592.588541212976     
    1    1      0.0000000000      0.0000000000      0.0000000000

     Dynamical  Matrix in cartesian axes

     q = (   -0.250000000   0.666666667  -0.416666667 ) 

    1    1
  0.08532980  0.00000000   -0.01326527  0.00000000   -0.03406985  0.00000000
 -0.01326527  0.00000000    0.08572825  0.00000000   -0.06161781  0.00000000
 -0.03406985  0.00000000   -0.06161781  0.00000000    0.08732680  0.00000000

     Dynamical  Matrix in cartesian axes

     q = (    0.666666667  -0.250000000  -0.416666667 ) 

    1    1
  0.08572825  0.00000000   -0.01326527  0.00000000   -0.06161781  0.00000000
 -0.01326527  0.00000000    0.08532980  0.00000000   -0.03406985  0.00000000
 -0.06161781  0.00000000   -0.03406985  0.00000000    0.08732680  0.00000000

     Dynamical  Matrix in cartesian axes

     q = (    0.250000000   0.416666667  -0.666666667 ) 

    1    1
  0.08532980  0.00000000   -0.03406985  0.00000000   -0.01326527  0.00000000
 -0.03406985  0.00000000    0.08732680  0.00000000   -0.06161781  0.00000000
 -0.01326527  0.00000000   -0.06161781  0.00000000    0.08572825  0.00000000

     Dynamical  Matrix in cartesian axes

     q = (   -0.250000000   0.416666667  -0.666666667 ) 

    1    1
  0.08532980  0.00000000    0.03406985  0.00000000    0.01326527  0.00000000
  0.03406985  0.00000000    0.08732680  0.00000000   -0.06161781  0.00000000
  0.01326527  0.00000000   -0.06161781  0.00000000    0.08572825  0.00000000

     Dynamical  Matrix in cartesian axes

     q = (   -0.250000000  -0.666666667   0.416666667 ) 

    1    1
  0.08532980  0.00000000    0.01326527  0.00000000    0.03406985  0.00000000
  0.01326527  0.00000000    0.08572825  0.00000000   -0.06161781  0.00000000
  0.03406985  0.00000000   -0.06161781  0.00000000    0.08732680  0.00000000

     Dynamical  Matrix in cartesian axes

     q = (   -0.250000000  -0.416666667   0.666666667 ) 

    1    1
  0.08532980  0.00000000   -0.03406985  0.00000000   -0.01326527  0.00000000
 -0.03406985  0.00000000    0.08732680  0.00000000   -0.06161781  0.00000000
 -0.01326527  0.00000000   -0.06161781  0.00000000    0.08572825  0.00000000

     Dynamical  Matrix in cartesian axes

     q = (    0.250000000  -0.416666667   0.666666667 ) 

    1    1
  0.08532980  0.00000000    0.03406985  0.00000000    0.01326527  0.00000000
  0.03406985  0.00000000    0.08732680  0.00000000   -0.06161781  0.00000000
  0.01326527  0.00000000   -0.06161781  0.00000000    0.08572825  0.00000000

     Dynamical  Matrix in cartesian axes

     q = (    0.250000000  -0.666666667   0.416666667 ) 

    1    1
  0.08532980  0.00000000   -0.01326527  0.00000000   -0.03406985  0.00000000
 -0.01326527  0.00000000    0.08572825  0.00000000   -0.06161781  0.00000000
 -0.03406985  0.00000000   -0.06161781  0.00000000    0.08732680  0.00000000

     Dynamical  Matrix in cartesian axes

     q = (   -0.666666667   0.416666667  -0.250000000 ) 

    1    1
  0.08572825  0.00000000   -0.06161781  0.00000000    0.01326527  0.00000000
 -0.06161781  0.00000000    0.08732680  0.00000000    0.03406985  0.00000000
  0.01326527  0.00000000    0.03406985  0.00000000    0.08532980  0.00000000

     Dynamical  Matrix in cartesian axes

     q = (   -0.666666667  -0.416666667   0.250000000 ) 

    1    1
  0.08572825  0.00000000    0.06161781  0.00000000   -0.01326527  0.00000000
  0.06161781  0.00000000    0.08732680  0.00000000    0.03406985  0.00000000
 -0.01326527  0.00000000    0.03406985  0.00000000    0.08532980  0.00000000

     Dynamical  Matrix in cartesian axes

     q = (   -0.416666667   0.250000000  -0.666666667 ) 

    1    1
  0.08732680  0.00000000    0.03406985  0.00000000    0.06161781  0.00000000
  0.03406985  0.00000000    0.08532980  0.00000000   -0.01326527  0.00000000
  0.06161781  0.00000000   -0.01326527  0.00000000    0.08572825  0.00000000

     Dynamical  Matrix in cartesian axes

     q = (   -0.250000000  -0.666666667  -0.416666667 ) 

    1    1
  0.08532980  0.00000000    0.01326527  0.00000000   -0.03406985  0.00000000
  0.01326527  0.00000000    0.08572825  0.00000000    0.06161781  0.00000000
 -0.03406985  0.00000000    0.06161781  0.00000000    0.08732680  0.00000000

     Dynamical  Matrix in cartesian axes

     q = (    0.416666667  -0.250000000  -0.666666667 ) 

    1    1
  0.08732680  0.00000000    0.03406985  0.00000000   -0.06161781  0.00000000
  0.03406985  0.00000000    0.08532980  0.00000000    0.01326527  0.00000000
 -0.06161781  0.00000000    0.01326527  0.00000000    0.08572825  0.00000000

     Dynamical  Matrix in cartesian axes

     q = (    0.250000000   0.666666667   0.416666667 ) 

    1    1
  0.08532980  0.00000000    0.01326527  0.00000000   -0.03406985  0.00000000
  0.01326527  0.00000000    0.08572825  0.00000000    0.06161781  0.00000000
 -0.03406985  0.00000000    0.06161781  0.00000000    0.08732680  0.00000000

     Dynamical  Matrix in cartesian axes

     q = (    0.666666667  -0.416666667  -0.250000000 ) 

    1    1
  0.08572825  0.00000000   -0.06161781  0.00000000   -0.01326527  0.00000000
 -0.06161781  0.00000000    0.08732680  0.00000000   -0.03406985  0.00000000
 -0.01326527  0.00000000   -0.03406985  0.00000000    0.08532980  0.00000000

     Dynamical  Matrix in cartesian axes

     q = (   -0.666666667  -0.250000000   0.416666667 ) 

    1    1
  0.08572825  0.00000000    0.01326527  0.00000000   -0.06161781  0.00000000
  0.01326527  0.00000000    0.08532980  0.00000000    0.03406985  0.00000000
 -0.06161781  0.00000000    0.03406985  0.00000000    0.08732680  0.00000000

     Dynamical  Matrix in cartesian axes

     q = (    0.666666667   0.250000000   0.416666667 ) 

    1    1
  0.08572825  0.00000000    0.01326527  0.00000000    0.06161781  0.00000000
  0.01326527  0.00000000    0.08532980  0.00000000   -0.03406985  0.00000000
  0.06161781  0.00000000   -0.03406985  0.00000000    0.08732680  0.00000000

     Dynamical  Matrix in cartesian axes

     q = (    0.416666667   0.250000000   0.666666667 ) 

    1    1
  0.08732680  0.00000000   -0.03406985  0.00000000    0.06161781  0.00000000
 -0.03406985  0.00000000    0.08532980  0.00000000    0.01326527  0.00000000
  0.06161781  0.00000000    0.01326527  0.00000000    0.08572825  0.00000000

     Dynamical  Matrix in cartesian axes

     q = (    0.416666667  -0.666666667  -0.250000000 ) 

    1    1
  0.08732680  0.00000000   -0.06161781  0.00000000    0.03406985  0.00000000
 -0.06161781  0.00000000    0.08572825  0.00000000    0.01326527  0.00000000
  0.03406985  0.00000000    0.01326527  0.00000000    0.08532980  0.00000000

     Dynamical  Matrix in cartesian axes

     q = (   -0.416666667  -0.666666667   0.250000000 ) 

    1    1
  0.08732680  0.00000000    0.06161781  0.00000000    0.03406985  0.00000000
  0.06161781  0.00000000    0.08572825  0.00000000   -0.01326527  0.00000000
  0.03406985  0.00000000   -0.01326527  0.00000000    0.08532980  0.00000000

     Dynamical  Matrix in cartesian axes

     q = (    0.250000000   0.666666667  -0.416666667 ) 

    1    1
  0.08532980  0.00000000    0.01326527  0.00000000    0.03406985  0.00000000
  0.01326527  0.00000000    0.08572825  0.00000000   -0.06161781  0.00000000
  0.03406985  0.00000000   -0.06161781  0.00000000    0.08732680  0.00000000

     Dynamical  Matrix in cartesian axes

     q = (    0.416666667   0.666666667   0.250000000 ) 

    1    1
  0.08732680  0.00000000    0.06161781  0.00000000   -0.03406985  0.00000000
  0.06161781  0.00000000    0.08572825  0.00000000    0.01326527  0.00000000
 -0.03406985  0.00000000    0.01326527  0.00000000    0.08532980  0.00000000

     Dynamical  Matrix in cartesian axes

     q = (    0.250000000   0.416666667   0.666666667 ) 

    1    1
  0.08532980  0.00000000   -0.03406985  0.00000000    0.01326527  0.00000000
 -0.03406985  0.00000000    0.08732680  0.00000000    0.06161781  0.00000000
  0.01326527  0.00000000    0.06161781  0.00000000    0.08572825  0.00000000

     Dynamical  Matrix in cartesian axes

     q = (    0.250000000  -0.416666667  -0.666666667 ) 

    1    1
  0.08532980  0.00000000    0.03406985  0.00000000   -0.01326527  0.00000000
  0.03406985  0.00000000    0.08732680  0.00000000    0.06161781  0.00000000
 -0.01326527  0.00000000    0.06161781  0.00000000    0.08572825  0.00000000

     Dynamical  Matrix in cartesian axes

     q = (   -0.666666667   0.250000000   0.416666667 ) 

    1    1
  0.08572825  0.00000000   -0.01326527  0.00000000   -0.06161781  0.00000000
 -0.01326527  0.00000000    0.08532980  0.00000000   -0.03406985  0.00000000
 -0.06161781  0.00000000   -0.03406985  0.00000000    0.08732680  0.00000000

     Dynamical  Matrix in cartesian axes

     q = (   -0.250000000   0.666666667   0.416666667 ) 

    1    1
  0.08532980  0.00000000   -0.01326527  0.00000000    0.03406985  0.00000000
 -0.01326527  0.00000000    0.08572825  0.00000000    0.06161781  0.00000000
  0.03406985  0.00000000    0.06161781  0.00000000    0.08732680  0.00000000

     Dynamical  Matrix in cartesian axes

     q = (   -0.416666667  -0.250000000   0.666666667 ) 

    1    1
  0.08732680  0.00000000   -0.03406985  0.00000000   -0.06161781  0.00000000
 -0.03406985  0.00000000    0.08532980  0.00000000   -0.01326527  0.00000000
 -0.06161781  0.00000000   -0.01326527  0.00000000    0.08572825  0.00000000

     Dynamical  Matrix in cartesian axes

     q = (   -0.666666667  -0.250000000  -0.416666667 ) 

    1    1
  0.08572825  0.00000000    0.01326527  0.00000000    0.06161781  0.00000000
  0.01326527  0.00000000    0.08532980  0.00000000   -0.03406985  0.00000000
  0.06161781  0.00000000   -0.03406985  0.00000000    0.08732680  0.00000000

     Dynamical  Matrix in cartesian axes

     q = (   -0.250000000  -0.416666667  -0.666666667 ) 

    1    1
  0.08532980  0.00000000   -0.03406985  0.00000000    0.01326527  0.00000000
 -0.03406985  0.00000000    0.08732680  0.00000000    0.06161781  0.00000000
  0.01326527  0.00000000    0.06161781  0.00000000    0.08572825  0.00000000

     Dynamical  Matrix in cartesian axes

     q = (    0.666666667   0.250000000  -0.416666667 ) 

    1    1
  0.08572825  0.00000000    0.01326527  0.00000000   -0.06161781  0.00000000
  0.01326527  0.00000000    0.08532980  0.00000000    0.03406985  0.00000000
 -0.06161781  0.00000000    0.03406985  0.00000000    0.08732680  0.00000000

     Dynamical  Matrix in cartesian axes

     q = (   -0.250000000   0.416666667   0.666666667 ) 

    1    1
  0.08532980  0.00000000    0.03406985  0.00000000   -0.01326527  0.00000000
  0.03406985  0.00000000    0.08732680  0.00000000    0.06161781  0.00000000
 -0.01326527  0.00000000    0.06161781  0.00000000    0.08572825  0.00000000

     Dynamical  Matrix in cartesian axes

     q = (   -0.416666667   0.666666667  -0.250000000 ) 

    1    1
  0.08732680  0.00000000   -0.06161781  0.00000000   -0.03406985  0.00000000
 -0.06161781  0.00000000    0.08572825  0.00000000   -0.01326527  0.00000000
 -0.03406985  0.00000000   -0.01326527  0.00000000    0.08532980  0.00000000

     Dynamical  Matrix in cartesian axes

     q = (    0.250000000  -0.666666667  -0.416666667 ) 

    1    1
  0.08532980  0.00000000   -0.01326527  0.00000000    0.03406985  0.00000000
 -0.01326527  0.00000000    0.08572825  0.00000000    0.06161781  0.00000000
  0.03406985  0.00000000    0.06161781  0.00000000    0.08732680  0.00000000

     Dynamical  Matrix in cartesian axes

     q = (   -0.666666667   0.250000000  -0.416666667 ) 

    1    1
  0.08572825  0.00000000   -0.01326527  0.00000000    0.06161781  0.00000000
 -0.01326527  0.00000000    0.08532980  0.00000000    0.03406985  0.00000000
  0.06161781  0.00000000    0.03406985  0.00000000    0.08732680  0.00000000

     Dynamical  Matrix in cartesian axes

     q = (    0.666666667   0.416666667   0.250000000 ) 

    1    1
  0.08572825  0.00000000    0.06161781  0.00000000    0.01326527  0.00000000
  0.06161781  0.00000000    0.08732680  0.00000000   -0.03406985  0.00000000
  0.01326527  0.00000000   -0.03406985  0.00000000    0.08532980  0.00000000

     Dynamical  Matrix in cartesian axes

     q = (   -0.416666667  -0.666666667  -0.250000000 ) 

    1    1
  0.08732680  0.00000000    0.06161781  0.00000000   -0.03406985  0.00000000
  0.06161781  0.00000000    0.08572825  0.00000000    0.01326527  0.00000000
 -0.03406985  0.00000000    0.01326527  0.00000000    0.08532980  0.00000000

     Dynamical  Matrix in cartesian axes

     q = (    0.416666667  -0.666666667   0.250000000 ) 

    1    1
  0.08732680  0.00000000   -0.06161781  0.00000000   -0.03406985  0.00000000
 -0.06161781  0.00000000    0.08572825  0.00000000   -0.01326527  0.00000000
 -0.03406985  0.00000000   -0.01326527  0.00000000    0.08532980  0.00000000

     Dynamical  Matrix in cartesian axes

     q = (   -0.416666667   0.666666667   0.250000000 ) 

    1    1
  0.08732680  0.00000000   -0.06161781  0.00000000    0.03406985  0.00000000
 -0.06161781  0.00000000    0.08572825  0.00000000    0.01326527  0.00000000
  0.03406985  0.00000000    0.01326527  0.00000000    0.08532980  0.00000000

     Dynamical  Matrix in cartesian axes

     q = (    0.416666667   0.666666667  -0.250000000 ) 

    1    1
  0.08732680  0.00000000    0.06161781  0.00000000    0.03406985  0.00000000
  0.06161781  0.00000000    0.08572825  0.00000000   -0.01326527  0.00000000
  0.03406985  0.00000000   -0.01326527  0.00000000    0.08532980  0.00000000

     Dynamical  Matrix in cartesian axes

     q = (    0.666666667  -0.250000000   0.416666667 ) 

    1    1
  0.08572825  0.00000000   -0.01326527  0.00000000    0.06161781  0.00000000
 -0.01326527  0.00000000    0.08532980  0.00000000    0.03406985  0.00000000
  0.06161781  0.00000000    0.03406985  0.00000000    0.08732680  0.00000000

     Dynamical  Matrix in cartesian axes

     q = (   -0.666666667   0.416666667   0.250000000 ) 

    1    1
  0.08572825  0.00000000   -0.06161781  0.00000000   -0.01326527  0.00000000
 -0.06161781  0.00000000    0.08732680  0.00000000   -0.03406985  0.00000000
 -0.01326527  0.00000000   -0.03406985  0.00000000    0.08532980  0.00000000

     Dynamical  Matrix in cartesian axes

     q = (    0.666666667   0.416666667  -0.250000000 ) 

    1    1
  0.08572825  0.00000000    0.06161781  0.00000000   -0.01326527  0.00000000
  0.06161781  0.00000000    0.08732680  0.00000000    0.03406985  0.00000000
 -0.01326527  0.00000000    0.03406985  0.00000000    0.08532980  0.00000000

     Dynamical  Matrix in cartesian axes

     q = (   -0.666666667  -0.416666667  -0.250000000 ) 

    1    1
  0.08572825  0.00000000    0.06161781  0.00000000    0.01326527  0.00000000
  0.06161781  0.00000000    0.08732680  0.00000000   -0.03406985  0.00000000
  0.01326527  0.00000000   -0.03406985  0.00000000    0.08532980  0.00000000

     Dynamical  Matrix in cartesian axes

     q = (    0.666666667  -0.416666667   0.250000000 ) 

    1    1
  0.08572825  0.00000000   -0.06161781  0.00000000    0.01326527  0.00000000
 -0.06161781  0.00000000    0.08732680  0.00000000    0.03406985  0.00000000
  0.01326527  0.00000000    0.03406985  0.00000000    0.08532980  0.00000000

     Dynamical  Matrix in cartesian axes

     q = (    0.416666667   0.250000000  -0.666666667 ) 

    1    1
  0.08732680  0.00000000   -0.03406985  0.00000000   -0.06161781  0.00000000
 -0.03406985  0.00000000    0.08532980  0.00000000   -0.01326527  0.00000000
 -0.06161781  0.00000000   -0.01326527  0.00000000    0.08572825  0.00000000

     Dynamical  Matrix in cartesian axes

     q = (    0.416666667  -0.250000000   0.666666667 ) 

    1    1
  0.08732680  0.00000000    0.03406985  0.00000000    0.06161781  0.00000000
  0.03406985  0.00000000    0.08532980  0.00000000   -0.01326527  0.00000000
  0.06161781  0.00000000   -0.01326527  0.00000000    0.08572825  0.00000000

     Dynamical  Matrix in cartesian axes

     q = (   -0.416666667  -0.250000000  -0.666666667 ) 

    1    1
  0.08732680  0.00000000   -0.03406985  0.00000000    0.06161781  0.00000000
 -0.03406985  0.00000000    0.08532980  0.00000000    0.01326527  0.00000000
  0.06161781  0.00000000    0.01326527  0.00000000    0.08572825  0.00000000

     Dynamical  Matrix in cartesian axes

     q = (   -0.416666667   0.250000000   0.666666667 ) 

    1    1
  0.08732680  0.00000000    0.03406985  0.00000000   -0.06161781  0.00000000
  0.03406985  0.00000000    0.08532980  0.00000000    0.01326527  0.00000000
 -0.06161781  0.00000000    0.01326527  0.00000000    0.08572825  0.00000000

     Diagonalizing the dynamical matrix

     q = (   -0.250000000   0.666666667  -0.416666667 ) 

 **************************************************************************
     freq (    1) =       2.079883 [THz] =      69.377424 [cm-1]
 ( -0.411238  0.000000 -0.616767  0.000000 -0.671180  0.000000 ) 
     freq (    2) =       6.518738 [THz] =     217.441704 [cm-1]
 (  0.876830  0.000000 -0.468886  0.000000 -0.106369  0.000000 ) 
     freq (    3) =       8.178867 [THz] =     272.817630 [cm-1]
 ( -0.249102  0.000000 -0.632254  0.000000  0.733623  0.000000 ) 
 **************************************************************************
