Dynamical matrix file
                                                                           
  1    1  3  6.1240000  0.0000000  0.0000000  0.0000000  0.0000000  0.0000000
           1  'Al  '    24592.588541212976     
    1    1      0.0000000000      0.0000000000      0.0000000000

     Dynamical  Matrix in cartesian axes

     q = (   -0.083333333   0.833333333  -0.250000000 ) 

    1    1
  0.12217385  0.00000000   -0.00855627  0.00000000   -0.01361287  0.00000000
 -0.00855627  0.00000000    0.12483385  0.00000000   -0.02995956  0.00000000
 -0.01361287  0.00000000   -0.02995956  0.00000000    0.13005234  0.00000000

     Dynamical  Matrix in cartesian axes

     q = (    0.833333333  -0.083333333  -0.250000000 ) 

    1    1
  0.12483385  0.00000000   -0.00855627  0.00000000   -0.02995956  0.00000000
 -0.00855627  0.00000000    0.12217385  0.00000000   -0.01361287  0.00000000
 -0.02995956  0.00000000   -0.01361287  0.00000000    0.13005234  0.00000000

     Dynamical  Matrix in cartesian axes

     q = (    0.083333333  -0.250000000   0.833333333 ) 

    1    1
  0.12217385  0.00000000    0.01361287  0.00000000    0.00855627  0.00000000
  0.01361287  0.00000000    0.13005234  0.00000000   -0.02995956  0.00000000
  0.00855627  0.00000000   -0.02995956  0.00000000    0.12483385  0.00000000

     Dynamical  Matrix in cartesian axes

     q = (   -0.083333333  -0.250000000   0.833333333 ) 

    1    1
  0.12217385  0.00000000   -0.01361287  0.00000000   -0.00855627  0.00000000
 -0.01361287  0.00000000    0.13005234  0.00000000   -0.02995956  0.00000000
 -0.00855627  0.00000000   -0.02995956  0.00000000    0.12483385  0.00000000

     Dynamical  Matrix in cartesian axes

     q = (    0.833333333   0.083333333  -0.250000000 ) 

    1    1
  0.12483385  0.00000000    0.00855627  0.00000000   -0.02995956  0.00000000
  0.00855627  0.00000000    0.12217385  0.00000000    0.01361287  0.00000000
 -0.02995956  0.00000000    0.01361287  0.00000000    0.13005234  0.00000000

     Dynamical  Matrix in cartesian axes

     q = (    0.083333333  -0.833333333  -0.250000000 ) 

    1    1
  0.12217385  0.00000000   -0.00855627  0.00000000    0.01361287  0.00000000
 -0.00855627  0.00000000    0.12483385  0.00000000    0.02995956  0.00000000
  0.01361287  0.00000000    0.02995956  0.00000000    0.13005234  0.00000000

     Dynamical  Matrix in cartesian axes

     q = (   -0.083333333  -0.833333333  -0.250000000 ) 

    1    1
  0.12217385  0.00000000    0.00855627  0.00000000   -0.01361287  0.00000000
  0.00855627  0.00000000    0.12483385  0.00000000    0.02995956  0.00000000
 -0.01361287  0.00000000    0.02995956  0.00000000    0.13005234  0.00000000

     Dynamical  Matrix in cartesian axes

     q = (   -0.833333333  -0.083333333  -0.250000000 ) 

    1    1
  0.12483385  0.00000000    0.00855627  0.00000000    0.02995956  0.00000000
  0.00855627  0.00000000    0.12217385  0.00000000   -0.01361287  0.00000000
  0.02995956  0.00000000   -0.01361287  0.00000000    0.13005234  0.00000000

     Dynamical  Matrix in cartesian axes

     q = (   -0.833333333   0.250000000  -0.083333333 ) 

    1    1
  0.12483385  0.00000000   -0.02995956  0.00000000    0.00855627  0.00000000
 -0.02995956  0.00000000    0.13005234  0.00000000    0.01361287  0.00000000
  0.00855627  0.00000000    0.01361287  0.00000000    0.12217385  0.00000000

     Dynamical  Matrix in cartesian axes

     q = (    0.250000000   0.083333333   0.833333333 ) 

    1    1
  0.13005234  0.00000000   -0.01361287  0.00000000    0.02995956  0.00000000
 -0.01361287  0.00000000    0.12217385  0.00000000    0.00855627  0.00000000
  0.02995956  0.00000000    0.00855627  0.00000000    0.12483385  0.00000000

     Dynamical  Matrix in cartesian axes

     q = (   -0.250000000   0.083333333  -0.833333333 ) 

    1    1
  0.13005234  0.00000000    0.01361287  0.00000000    0.02995956  0.00000000
  0.01361287  0.00000000    0.12217385  0.00000000   -0.00855627  0.00000000
  0.02995956  0.00000000   -0.00855627  0.00000000    0.12483385  0.00000000

     Dynamical  Matrix in cartesian axes

     q = (    0.083333333   0.833333333  -0.250000000 ) 

    1    1
  0.12217385  0.00000000    0.00855627  0.00000000    0.01361287  0.00000000
  0.00855627  0.00000000    0.12483385  0.00000000   -0.02995956  0.00000000
  0.01361287  0.00000000   -0.02995956  0.00000000    0.13005234  0.00000000

     Dynamical  Matrix in cartesian axes

     q = (    0.250000000  -0.083333333  -0.833333333 ) 

    1    1
  0.13005234  0.00000000    0.01361287  0.00000000   -0.02995956  0.00000000
  0.01361287  0.00000000    0.12217385  0.00000000    0.00855627  0.00000000
 -0.02995956  0.00000000    0.00855627  0.00000000    0.12483385  0.00000000

     Dynamical  Matrix in cartesian axes

     q = (    0.083333333   0.833333333   0.250000000 ) 

    1    1
  0.12217385  0.00000000    0.00855627  0.00000000   -0.01361287  0.00000000
  0.00855627  0.00000000    0.12483385  0.00000000    0.02995956  0.00000000
 -0.01361287  0.00000000    0.02995956  0.00000000    0.13005234  0.00000000

     Dynamical  Matrix in cartesian axes

     q = (   -0.083333333   0.250000000  -0.833333333 ) 

    1    1
  0.12217385  0.00000000    0.01361287  0.00000000    0.00855627  0.00000000
  0.01361287  0.00000000    0.13005234  0.00000000   -0.02995956  0.00000000
  0.00855627  0.00000000   -0.02995956  0.00000000    0.12483385  0.00000000

     Dynamical  Matrix in cartesian axes

     q = (   -0.833333333  -0.083333333   0.250000000 ) 

    1    1
  0.12483385  0.00000000    0.00855627  0.00000000   -0.02995956  0.00000000
  0.00855627  0.00000000    0.12217385  0.00000000    0.01361287  0.00000000
 -0.02995956  0.00000000    0.01361287  0.00000000    0.13005234  0.00000000

     Dynamical  Matrix in cartesian axes

     q = (    0.833333333   0.083333333   0.250000000 ) 

    1    1
  0.12483385  0.00000000    0.00855627  0.00000000    0.02995956  0.00000000
  0.00855627  0.00000000    0.12217385  0.00000000   -0.01361287  0.00000000
  0.02995956  0.00000000   -0.01361287  0.00000000    0.13005234  0.00000000

     Dynamical  Matrix in cartesian axes

     q = (    0.250000000   0.833333333   0.083333333 ) 

    1    1
  0.13005234  0.00000000    0.02995956  0.00000000   -0.01361287  0.00000000
  0.02995956  0.00000000    0.12483385  0.00000000    0.00855627  0.00000000
 -0.01361287  0.00000000    0.00855627  0.00000000    0.12217385  0.00000000

     Dynamical  Matrix in cartesian axes

     q = (    0.250000000  -0.833333333  -0.083333333 ) 

    1    1
  0.13005234  0.00000000   -0.02995956  0.00000000    0.01361287  0.00000000
 -0.02995956  0.00000000    0.12483385  0.00000000    0.00855627  0.00000000
  0.01361287  0.00000000    0.00855627  0.00000000    0.12217385  0.00000000

     Dynamical  Matrix in cartesian axes

     q = (   -0.250000000  -0.833333333   0.083333333 ) 

    1    1
  0.13005234  0.00000000    0.02995956  0.00000000    0.01361287  0.00000000
  0.02995956  0.00000000    0.12483385  0.00000000   -0.00855627  0.00000000
  0.01361287  0.00000000   -0.00855627  0.00000000    0.12217385  0.00000000

     Dynamical  Matrix in cartesian axes

     q = (    0.833333333  -0.250000000  -0.083333333 ) 

    1    1
  0.12483385  0.00000000   -0.02995956  0.00000000   -0.00855627  0.00000000
 -0.02995956  0.00000000    0.13005234  0.00000000   -0.01361287  0.00000000
 -0.00855627  0.00000000   -0.01361287  0.00000000    0.12217385  0.00000000

     Dynamical  Matrix in cartesian axes

     q = (   -0.833333333   0.083333333  -0.250000000 ) 

    1    1
  0.12483385  0.00000000   -0.00855627  0.00000000    0.02995956  0.00000000
 -0.00855627  0.00000000    0.12217385  0.00000000    0.01361287  0.00000000
  0.02995956  0.00000000    0.01361287  0.00000000    0.13005234  0.00000000

     Dynamical  Matrix in cartesian axes

     q = (    0.083333333   0.250000000   0.833333333 ) 

    1    1
  0.12217385  0.00000000   -0.01361287  0.00000000    0.00855627  0.00000000
 -0.01361287  0.00000000    0.13005234  0.00000000    0.02995956  0.00000000
  0.00855627  0.00000000    0.02995956  0.00000000    0.12483385  0.00000000

     Dynamical  Matrix in cartesian axes

     q = (    0.083333333  -0.250000000  -0.833333333 ) 

    1    1
  0.12217385  0.00000000    0.01361287  0.00000000   -0.00855627  0.00000000
  0.01361287  0.00000000    0.13005234  0.00000000    0.02995956  0.00000000
 -0.00855627  0.00000000    0.02995956  0.00000000    0.12483385  0.00000000

     Dynamical  Matrix in cartesian axes

     q = (   -0.833333333   0.083333333   0.250000000 ) 

    1    1
  0.12483385  0.00000000   -0.00855627  0.00000000   -0.02995956  0.00000000
 -0.00855627  0.00000000    0.12217385  0.00000000   -0.01361287  0.00000000
 -0.02995956  0.00000000   -0.01361287  0.00000000    0.13005234  0.00000000

     Dynamical  Matrix in cartesian axes

     q = (   -0.083333333   0.833333333   0.250000000 ) 

    1    1
  0.12217385  0.00000000   -0.00855627  0.00000000    0.01361287  0.00000000
 -0.00855627  0.00000000    0.12483385  0.00000000    0.02995956  0.00000000
  0.01361287  0.00000000    0.02995956  0.00000000    0.13005234  0.00000000

     Dynamical  Matrix in cartesian axes

     q = (   -0.083333333  -0.833333333   0.250000000 ) 

    1    1
  0.12217385  0.00000000    0.00855627  0.00000000    0.01361287  0.00000000
  0.00855627  0.00000000    0.12483385  0.00000000   -0.02995956  0.00000000
  0.01361287  0.00000000   -0.02995956  0.00000000    0.13005234  0.00000000

     Dynamical  Matrix in cartesian axes

     q = (   -0.250000000  -0.083333333   0.833333333 ) 

    1    1
  0.13005234  0.00000000   -0.01361287  0.00000000   -0.02995956  0.00000000
 -0.01361287  0.00000000    0.12217385  0.00000000   -0.00855627  0.00000000
 -0.02995956  0.00000000   -0.00855627  0.00000000    0.12483385  0.00000000

     Dynamical  Matrix in cartesian axes

     q = (   -0.083333333  -0.250000000  -0.833333333 ) 

    1    1
  0.12217385  0.00000000   -0.01361287  0.00000000    0.00855627  0.00000000
 -0.01361287  0.00000000    0.13005234  0.00000000    0.02995956  0.00000000
  0.00855627  0.00000000    0.02995956  0.00000000    0.12483385  0.00000000

     Dynamical  Matrix in cartesian axes

     q = (   -0.250000000   0.833333333  -0.083333333 ) 

    1    1
  0.13005234  0.00000000   -0.02995956  0.00000000   -0.01361287  0.00000000
 -0.02995956  0.00000000    0.12483385  0.00000000   -0.00855627  0.00000000
 -0.01361287  0.00000000   -0.00855627  0.00000000    0.12217385  0.00000000

     Dynamical  Matrix in cartesian axes

     q = (   -0.083333333   0.250000000   0.833333333 ) 

    1    1
  0.12217385  0.00000000    0.01361287  0.00000000   -0.00855627  0.00000000
  0.01361287  0.00000000    0.13005234  0.00000000    0.02995956  0.00000000
 -0.00855627  0.00000000    0.02995956  0.00000000    0.12483385  0.00000000

     Dynamical  Matrix in cartesian axes

     q = (    0.083333333   0.250000000  -0.833333333 ) 

    1    1
  0.12217385  0.00000000   -0.01361287  0.00000000   -0.00855627  0.00000000
 -0.01361287  0.00000000    0.13005234  0.00000000   -0.02995956  0.00000000
 -0.00855627  0.00000000   -0.02995956  0.00000000    0.12483385  0.00000000

     Dynamical  Matrix in cartesian axes

     q = (   -0.833333333  -0.250000000   0.083333333 ) 

    1    1
  0.12483385  0.00000000    0.02995956  0.00000000   -0.00855627  0.00000000
  0.02995956  0.00000000    0.13005234  0.00000000    0.01361287  0.00000000
 -0.00855627  0.00000000    0.01361287  0.00000000    0.12217385  0.00000000

     Dynamical  Matrix in cartesian axes

     q = (    0.083333333  -0.833333333   0.250000000 ) 

    1    1
  0.12217385  0.00000000   -0.00855627  0.00000000   -0.01361287  0.00000000
 -0.00855627  0.00000000    0.12483385  0.00000000   -0.02995956  0.00000000
 -0.01361287  0.00000000   -0.02995956  0.00000000    0.13005234  0.00000000

     Dynamical  Matrix in cartesian axes

     q = (    0.833333333   0.250000000   0.083333333 ) 

    1    1
  0.12483385  0.00000000    0.02995956  0.00000000    0.00855627  0.00000000
  0.02995956  0.00000000    0.13005234  0.00000000   -0.01361287  0.00000000
  0.00855627  0.00000000   -0.01361287  0.00000000    0.12217385  0.00000000

     Dynamical  Matrix in cartesian axes

     q = (   -0.250000000  -0.833333333  -0.083333333 ) 

    1    1
  0.13005234  0.00000000    0.02995956  0.00000000   -0.01361287  0.00000000
  0.02995956  0.00000000    0.12483385  0.00000000    0.00855627  0.00000000
 -0.01361287  0.00000000    0.00855627  0.00000000    0.12217385  0.00000000

     Dynamical  Matrix in cartesian axes

     q = (    0.250000000  -0.833333333   0.083333333 ) 

    1    1
  0.13005234  0.00000000   -0.02995956  0.00000000   -0.01361287  0.00000000
 -0.02995956  0.00000000    0.12483385  0.00000000   -0.00855627  0.00000000
 -0.01361287  0.00000000   -0.00855627  0.00000000    0.12217385  0.00000000

     Dynamical  Matrix in cartesian axes

     q = (   -0.250000000   0.833333333   0.083333333 ) 

    1    1
  0.13005234  0.00000000   -0.02995956  0.00000000    0.01361287  0.00000000
 -0.02995956  0.00000000    0.12483385  0.00000000    0.00855627  0.00000000
  0.01361287  0.00000000    0.00855627  0.00000000    0.12217385  0.00000000

     Dynamical  Matrix in cartesian axes

     q = (    0.250000000   0.833333333  -0.083333333 ) 

    1    1
  0.13005234  0.00000000    0.02995956  0.00000000    0.01361287  0.00000000
  0.02995956  0.00000000    0.12483385  0.00000000   -0.00855627  0.00000000
  0.01361287  0.00000000   -0.00855627  0.00000000    0.12217385  0.00000000

     Dynamical  Matrix in cartesian axes

     q = (    0.833333333  -0.083333333   0.250000000 ) 

    1    1
  0.12483385  0.00000000   -0.00855627  0.00000000    0.02995956  0.00000000
 -0.00855627  0.00000000    0.12217385  0.00000000    0.01361287  0.00000000
  0.02995956  0.00000000    0.01361287  0.00000000    0.13005234  0.00000000

     Dynamical  Matrix in cartesian axes

     q = (   -0.833333333   0.250000000   0.083333333 ) 

    1    1
  0.12483385  0.00000000   -0.02995956  0.00000000   -0.00855627  0.00000000
 -0.02995956  0.00000000    0.13005234  0.00000000   -0.01361287  0.00000000
 -0.00855627  0.00000000   -0.01361287  0.00000000    0.12217385  0.00000000

     Dynamical  Matrix in cartesian axes

     q = (    0.833333333   0.250000000  -0.083333333 ) 

    1    1
  0.12483385  0.00000000    0.02995956  0.00000000   -0.00855627  0.00000000
  0.02995956  0.00000000    0.13005234  0.00000000    0.01361287  0.00000000
 -0.00855627  0.00000000    0.01361287  0.00000000    0.12217385  0.00000000

     Dynamical  Matrix in cartesian axes

     q = (   -0.833333333  -0.250000000  -0.083333333 ) 

    1    1
  0.12483385  0.00000000    0.02995956  0.00000000    0.00855627  0.00000000
  0.02995956  0.00000000    0.13005234  0.00000000   -0.01361287  0.00000000
  0.00855627  0.00000000   -0.01361287  0.00000000    0.12217385  0.00000000

     Dynamical  Matrix in cartesian axes

     q = (    0.833333333  -0.250000000   0.083333333 ) 

    1    1
  0.12483385  0.00000000   -0.02995956  0.00000000    0.00855627  0.00000000
 -0.02995956  0.00000000    0.13005234  0.00000000    0.01361287  0.00000000
  0.00855627  0.00000000    0.01361287  0.00000000    0.12217385  0.00000000

     Dynamical  Matrix in cartesian axes

     q = (    0.250000000   0.083333333  -0.833333333 ) 

    1    1
  0.13005234  0.00000000   -0.01361287  0.00000000   -0.02995956  0.00000000
 -0.01361287  0.00000000    0.12217385  0.00000000   -0.00855627  0.00000000
 -0.02995956  0.00000000   -0.00855627  0.00000000    0.12483385  0.00000000

     Dynamical  Matrix in cartesian axes

     q = (    0.250000000  -0.083333333   0.833333333 ) 

    1    1
  0.13005234  0.00000000    0.01361287  0.00000000    0.02995956  0.00000000
  0.01361287  0.00000000    0.12217385  0.00000000   -0.00855627  0.00000000
  0.02995956  0.00000000   -0.00855627  0.00000000    0.12483385  0.00000000

     Dynamical  Matrix in cartesian axes

     q = (   -0.250000000  -0.083333333  -0.833333333 ) 

    1    1
  0.13005234  0.00000000   -0.01361287  0.00000000    0.02995956  0.00000000
 -0.01361287  0.00000000    0.12217385  0.00000000    0.00855627  0.00000000
  0.02995956  0.00000000    0.00855627  0.00000000    0.12483385  0.00000000

     Dynamical  Matrix in cartesian axes

     q = (   -0.250000000   0.083333333   0.833333333 ) 

    1    1
  0.13005234  0.00000000    0.01361287  0.00000000   -0.02995956  0.00000000
  0.01361287  0.00000000    0.12217385  0.00000000    0.00855627  0.00000000
 -0.02995956  0.00000000    0.00855627  0.00000000    0.12483385  0.00000000

     Diagonalizing the dynamical matrix

     q = (   -0.083333333   0.833333333  -0.250000000 ) 

 **************************************************************************
     freq (    1) =       6.288844 [THz] =     209.773248 [cm-1]
 (  0.435454 -0.000000  0.644780 -0.000000  0.628202  0.000000 ) 
     freq (    2) =       7.537995 [THz] =     251.440435 [cm-1]
 (  0.890499  0.000000 -0.410763  0.000000 -0.195668  0.000000 ) 
     freq (    3) =       8.340929 [THz] =     278.223428 [cm-1]
 ( -0.131879  0.000000 -0.644618  0.000000  0.753044 -0.000000 ) 
 **************************************************************************
