Dynamical matrix file
                                                                           
  1    1  3  6.1240000  0.0000000  0.0000000  0.0000000  0.0000000  0.0000000
           1  'Al  '    24592.588541212976     
    1    1      0.0000000000      0.0000000000      0.0000000000

     Dynamical  Matrix in cartesian axes

     q = (   -0.083333333   0.666666667  -0.416666667 ) 

    1    1
  0.08747309  0.00000000   -0.00448711  0.00000000   -0.01191093  0.00000000
 -0.00448711  0.00000000    0.08906724  0.00000000   -0.08467428  0.00000000
 -0.01191093  0.00000000   -0.08467428  0.00000000    0.09374222  0.00000000

     Dynamical  Matrix in cartesian axes

     q = (    0.666666667  -0.083333333  -0.416666667 ) 

    1    1
  0.08906724  0.00000000   -0.00448711  0.00000000   -0.08467428  0.00000000
 -0.00448711  0.00000000    0.08747309  0.00000000   -0.01191093  0.00000000
 -0.08467428  0.00000000   -0.01191093  0.00000000    0.09374222  0.00000000

     Dynamical  Matrix in cartesian axes

     q = (   -0.083333333  -0.416666667   0.666666667 ) 

    1    1
  0.08747309  0.00000000   -0.01191093  0.00000000   -0.00448711  0.00000000
 -0.01191093  0.00000000    0.09374222  0.00000000   -0.08467428  0.00000000
 -0.00448711  0.00000000   -0.08467428  0.00000000    0.08906724  0.00000000

     Dynamical  Matrix in cartesian axes

     q = (    0.083333333  -0.416666667   0.666666667 ) 

    1    1
  0.08747309  0.00000000    0.01191093  0.00000000    0.00448711  0.00000000
  0.01191093  0.00000000    0.09374222  0.00000000   -0.08467428  0.00000000
  0.00448711  0.00000000   -0.08467428  0.00000000    0.08906724  0.00000000

     Dynamical  Matrix in cartesian axes

     q = (   -0.666666667  -0.083333333  -0.416666667 ) 

    1    1
  0.08906724  0.00000000    0.00448711  0.00000000    0.08467428  0.00000000
  0.00448711  0.00000000    0.08747309  0.00000000   -0.01191093  0.00000000
  0.08467428  0.00000000   -0.01191093  0.00000000    0.09374222  0.00000000

     Dynamical  Matrix in cartesian axes

     q = (    0.666666667   0.083333333  -0.416666667 ) 

    1    1
  0.08906724  0.00000000    0.00448711  0.00000000   -0.08467428  0.00000000
  0.00448711  0.00000000    0.08747309  0.00000000    0.01191093  0.00000000
 -0.08467428  0.00000000    0.01191093  0.00000000    0.09374222  0.00000000

     Dynamical  Matrix in cartesian axes

     q = (    0.083333333  -0.666666667  -0.416666667 ) 

    1    1
  0.08747309  0.00000000   -0.00448711  0.00000000    0.01191093  0.00000000
 -0.00448711  0.00000000    0.08906724  0.00000000    0.08467428  0.00000000
  0.01191093  0.00000000    0.08467428  0.00000000    0.09374222  0.00000000

     Dynamical  Matrix in cartesian axes

     q = (   -0.666666667   0.083333333  -0.416666667 ) 

    1    1
  0.08906724  0.00000000   -0.00448711  0.00000000    0.08467428  0.00000000
 -0.00448711  0.00000000    0.08747309  0.00000000    0.01191093  0.00000000
  0.08467428  0.00000000    0.01191093  0.00000000    0.09374222  0.00000000

     Dynamical  Matrix in cartesian axes

     q = (   -0.666666667   0.416666667  -0.083333333 ) 

    1    1
  0.08906724  0.00000000   -0.08467428  0.00000000    0.00448711  0.00000000
 -0.08467428  0.00000000    0.09374222  0.00000000    0.01191093  0.00000000
  0.00448711  0.00000000    0.01191093  0.00000000    0.08747309  0.00000000

     Dynamical  Matrix in cartesian axes

     q = (   -0.666666667  -0.416666667   0.083333333 ) 

    1    1
  0.08906724  0.00000000    0.08467428  0.00000000   -0.00448711  0.00000000
  0.08467428  0.00000000    0.09374222  0.00000000    0.01191093  0.00000000
 -0.00448711  0.00000000    0.01191093  0.00000000    0.08747309  0.00000000

     Dynamical  Matrix in cartesian axes

     q = (   -0.416666667   0.083333333  -0.666666667 ) 

    1    1
  0.09374222  0.00000000    0.01191093  0.00000000    0.08467428  0.00000000
  0.01191093  0.00000000    0.08747309  0.00000000   -0.00448711  0.00000000
  0.08467428  0.00000000   -0.00448711  0.00000000    0.08906724  0.00000000

     Dynamical  Matrix in cartesian axes

     q = (   -0.083333333  -0.666666667  -0.416666667 ) 

    1    1
  0.08747309  0.00000000    0.00448711  0.00000000   -0.01191093  0.00000000
  0.00448711  0.00000000    0.08906724  0.00000000    0.08467428  0.00000000
 -0.01191093  0.00000000    0.08467428  0.00000000    0.09374222  0.00000000

     Dynamical  Matrix in cartesian axes

     q = (    0.416666667  -0.083333333  -0.666666667 ) 

    1    1
  0.09374222  0.00000000    0.01191093  0.00000000   -0.08467428  0.00000000
  0.01191093  0.00000000    0.08747309  0.00000000    0.00448711  0.00000000
 -0.08467428  0.00000000    0.00448711  0.00000000    0.08906724  0.00000000

     Dynamical  Matrix in cartesian axes

     q = (    0.083333333   0.666666667   0.416666667 ) 

    1    1
  0.08747309  0.00000000    0.00448711  0.00000000   -0.01191093  0.00000000
  0.00448711  0.00000000    0.08906724  0.00000000    0.08467428  0.00000000
 -0.01191093  0.00000000    0.08467428  0.00000000    0.09374222  0.00000000

     Dynamical  Matrix in cartesian axes

     q = (   -0.083333333   0.416666667  -0.666666667 ) 

    1    1
  0.08747309  0.00000000    0.01191093  0.00000000    0.00448711  0.00000000
  0.01191093  0.00000000    0.09374222  0.00000000   -0.08467428  0.00000000
  0.00448711  0.00000000   -0.08467428  0.00000000    0.08906724  0.00000000

     Dynamical  Matrix in cartesian axes

     q = (   -0.666666667  -0.083333333   0.416666667 ) 

    1    1
  0.08906724  0.00000000    0.00448711  0.00000000   -0.08467428  0.00000000
  0.00448711  0.00000000    0.08747309  0.00000000    0.01191093  0.00000000
 -0.08467428  0.00000000    0.01191093  0.00000000    0.09374222  0.00000000

     Dynamical  Matrix in cartesian axes

     q = (    0.666666667   0.083333333   0.416666667 ) 

    1    1
  0.08906724  0.00000000    0.00448711  0.00000000    0.08467428  0.00000000
  0.00448711  0.00000000    0.08747309  0.00000000   -0.01191093  0.00000000
  0.08467428  0.00000000   -0.01191093  0.00000000    0.09374222  0.00000000

     Dynamical  Matrix in cartesian axes

     q = (    0.416666667   0.083333333   0.666666667 ) 

    1    1
  0.09374222  0.00000000   -0.01191093  0.00000000    0.08467428  0.00000000
 -0.01191093  0.00000000    0.08747309  0.00000000    0.00448711  0.00000000
  0.08467428  0.00000000    0.00448711  0.00000000    0.08906724  0.00000000

     Dynamical  Matrix in cartesian axes

     q = (    0.416666667  -0.666666667  -0.083333333 ) 

    1    1
  0.09374222  0.00000000   -0.08467428  0.00000000    0.01191093  0.00000000
 -0.08467428  0.00000000    0.08906724  0.00000000    0.00448711  0.00000000
  0.01191093  0.00000000    0.00448711  0.00000000    0.08747309  0.00000000

     Dynamical  Matrix in cartesian axes

     q = (   -0.416666667  -0.666666667   0.083333333 ) 

    1    1
  0.09374222  0.00000000    0.08467428  0.00000000    0.01191093  0.00000000
  0.08467428  0.00000000    0.08906724  0.00000000   -0.00448711  0.00000000
  0.01191093  0.00000000   -0.00448711  0.00000000    0.08747309  0.00000000

     Dynamical  Matrix in cartesian axes

     q = (    0.666666667  -0.416666667  -0.083333333 ) 

    1    1
  0.08906724  0.00000000   -0.08467428  0.00000000   -0.00448711  0.00000000
 -0.08467428  0.00000000    0.09374222  0.00000000   -0.01191093  0.00000000
 -0.00448711  0.00000000   -0.01191093  0.00000000    0.08747309  0.00000000

     Dynamical  Matrix in cartesian axes

     q = (    0.416666667   0.666666667   0.083333333 ) 

    1    1
  0.09374222  0.00000000    0.08467428  0.00000000   -0.01191093  0.00000000
  0.08467428  0.00000000    0.08906724  0.00000000    0.00448711  0.00000000
 -0.01191093  0.00000000    0.00448711  0.00000000    0.08747309  0.00000000

     Dynamical  Matrix in cartesian axes

     q = (    0.083333333   0.416666667   0.666666667 ) 

    1    1
  0.08747309  0.00000000   -0.01191093  0.00000000    0.00448711  0.00000000
 -0.01191093  0.00000000    0.09374222  0.00000000    0.08467428  0.00000000
  0.00448711  0.00000000    0.08467428  0.00000000    0.08906724  0.00000000

     Dynamical  Matrix in cartesian axes

     q = (    0.083333333  -0.416666667  -0.666666667 ) 

    1    1
  0.08747309  0.00000000    0.01191093  0.00000000   -0.00448711  0.00000000
  0.01191093  0.00000000    0.09374222  0.00000000    0.08467428  0.00000000
 -0.00448711  0.00000000    0.08467428  0.00000000    0.08906724  0.00000000

     Dynamical  Matrix in cartesian axes

     q = (   -0.666666667   0.083333333   0.416666667 ) 

    1    1
  0.08906724  0.00000000   -0.00448711  0.00000000   -0.08467428  0.00000000
 -0.00448711  0.00000000    0.08747309  0.00000000   -0.01191093  0.00000000
 -0.08467428  0.00000000   -0.01191093  0.00000000    0.09374222  0.00000000

     Dynamical  Matrix in cartesian axes

     q = (   -0.083333333   0.666666667   0.416666667 ) 

    1    1
  0.08747309  0.00000000   -0.00448711  0.00000000    0.01191093  0.00000000
 -0.00448711  0.00000000    0.08906724  0.00000000    0.08467428  0.00000000
  0.01191093  0.00000000    0.08467428  0.00000000    0.09374222  0.00000000

     Dynamical  Matrix in cartesian axes

     q = (   -0.083333333  -0.666666667   0.416666667 ) 

    1    1
  0.08747309  0.00000000    0.00448711  0.00000000    0.01191093  0.00000000
  0.00448711  0.00000000    0.08906724  0.00000000   -0.08467428  0.00000000
  0.01191093  0.00000000   -0.08467428  0.00000000    0.09374222  0.00000000

     Dynamical  Matrix in cartesian axes

     q = (   -0.416666667  -0.083333333   0.666666667 ) 

    1    1
  0.09374222  0.00000000   -0.01191093  0.00000000   -0.08467428  0.00000000
 -0.01191093  0.00000000    0.08747309  0.00000000   -0.00448711  0.00000000
 -0.08467428  0.00000000   -0.00448711  0.00000000    0.08906724  0.00000000

     Dynamical  Matrix in cartesian axes

     q = (   -0.083333333  -0.416666667  -0.666666667 ) 

    1    1
  0.08747309  0.00000000   -0.01191093  0.00000000    0.00448711  0.00000000
 -0.01191093  0.00000000    0.09374222  0.00000000    0.08467428  0.00000000
  0.00448711  0.00000000    0.08467428  0.00000000    0.08906724  0.00000000

     Dynamical  Matrix in cartesian axes

     q = (   -0.416666667   0.666666667  -0.083333333 ) 

    1    1
  0.09374222  0.00000000   -0.08467428  0.00000000   -0.01191093  0.00000000
 -0.08467428  0.00000000    0.08906724  0.00000000   -0.00448711  0.00000000
 -0.01191093  0.00000000   -0.00448711  0.00000000    0.08747309  0.00000000

     Dynamical  Matrix in cartesian axes

     q = (   -0.083333333   0.416666667   0.666666667 ) 

    1    1
  0.08747309  0.00000000    0.01191093  0.00000000   -0.00448711  0.00000000
  0.01191093  0.00000000    0.09374222  0.00000000    0.08467428  0.00000000
 -0.00448711  0.00000000    0.08467428  0.00000000    0.08906724  0.00000000

     Dynamical  Matrix in cartesian axes

     q = (    0.083333333   0.416666667  -0.666666667 ) 

    1    1
  0.08747309  0.00000000   -0.01191093  0.00000000   -0.00448711  0.00000000
 -0.01191093  0.00000000    0.09374222  0.00000000   -0.08467428  0.00000000
 -0.00448711  0.00000000   -0.08467428  0.00000000    0.08906724  0.00000000

     Dynamical  Matrix in cartesian axes

     q = (    0.083333333   0.666666667  -0.416666667 ) 

    1    1
  0.08747309  0.00000000    0.00448711  0.00000000    0.01191093  0.00000000
  0.00448711  0.00000000    0.08906724  0.00000000   -0.08467428  0.00000000
  0.01191093  0.00000000   -0.08467428  0.00000000    0.09374222  0.00000000

     Dynamical  Matrix in cartesian axes

     q = (    0.083333333  -0.666666667   0.416666667 ) 

    1    1
  0.08747309  0.00000000   -0.00448711  0.00000000   -0.01191093  0.00000000
 -0.00448711  0.00000000    0.08906724  0.00000000   -0.08467428  0.00000000
 -0.01191093  0.00000000   -0.08467428  0.00000000    0.09374222  0.00000000

     Dynamical  Matrix in cartesian axes

     q = (    0.666666667   0.416666667   0.083333333 ) 

    1    1
  0.08906724  0.00000000    0.08467428  0.00000000    0.00448711  0.00000000
  0.08467428  0.00000000    0.09374222  0.00000000   -0.01191093  0.00000000
  0.00448711  0.00000000   -0.01191093  0.00000000    0.08747309  0.00000000

     Dynamical  Matrix in cartesian axes

     q = (   -0.416666667  -0.666666667  -0.083333333 ) 

    1    1
  0.09374222  0.00000000    0.08467428  0.00000000   -0.01191093  0.00000000
  0.08467428  0.00000000    0.08906724  0.00000000    0.00448711  0.00000000
 -0.01191093  0.00000000    0.00448711  0.00000000    0.08747309  0.00000000

     Dynamical  Matrix in cartesian axes

     q = (    0.416666667  -0.666666667   0.083333333 ) 

    1    1
  0.09374222  0.00000000   -0.08467428  0.00000000   -0.01191093  0.00000000
 -0.08467428  0.00000000    0.08906724  0.00000000   -0.00448711  0.00000000
 -0.01191093  0.00000000   -0.00448711  0.00000000    0.08747309  0.00000000

     Dynamical  Matrix in cartesian axes

     q = (   -0.416666667   0.666666667   0.083333333 ) 

    1    1
  0.09374222  0.00000000   -0.08467428  0.00000000    0.01191093  0.00000000
 -0.08467428  0.00000000    0.08906724  0.00000000    0.00448711  0.00000000
  0.01191093  0.00000000    0.00448711  0.00000000    0.08747309  0.00000000

     Dynamical  Matrix in cartesian axes

     q = (    0.416666667   0.666666667  -0.083333333 ) 

    1    1
  0.09374222  0.00000000    0.08467428  0.00000000    0.01191093  0.00000000
  0.08467428  0.00000000    0.08906724  0.00000000   -0.00448711  0.00000000
  0.01191093  0.00000000   -0.00448711  0.00000000    0.08747309  0.00000000

     Dynamical  Matrix in cartesian axes

     q = (    0.666666667  -0.083333333   0.416666667 ) 

    1    1
  0.08906724  0.00000000   -0.00448711  0.00000000    0.08467428  0.00000000
 -0.00448711  0.00000000    0.08747309  0.00000000    0.01191093  0.00000000
  0.08467428  0.00000000    0.01191093  0.00000000    0.09374222  0.00000000

     Dynamical  Matrix in cartesian axes

     q = (   -0.666666667   0.416666667   0.083333333 ) 

    1    1
  0.08906724  0.00000000   -0.08467428  0.00000000   -0.00448711  0.00000000
 -0.08467428  0.00000000    0.09374222  0.00000000   -0.01191093  0.00000000
 -0.00448711  0.00000000   -0.01191093  0.00000000    0.08747309  0.00000000

     Dynamical  Matrix in cartesian axes

     q = (    0.666666667   0.416666667  -0.083333333 ) 

    1    1
  0.08906724  0.00000000    0.08467428  0.00000000   -0.00448711  0.00000000
  0.08467428  0.00000000    0.09374222  0.00000000    0.01191093  0.00000000
 -0.00448711  0.00000000    0.01191093  0.00000000    0.08747309  0.00000000

     Dynamical  Matrix in cartesian axes

     q = (   -0.666666667  -0.416666667  -0.083333333 ) 

    1    1
  0.08906724  0.00000000    0.08467428  0.00000000    0.00448711  0.00000000
  0.08467428  0.00000000    0.09374222  0.00000000   -0.01191093  0.00000000
  0.00448711  0.00000000   -0.01191093  0.00000000    0.08747309  0.00000000

     Dynamical  Matrix in cartesian axes

     q = (    0.666666667  -0.416666667   0.083333333 ) 

    1    1
  0.08906724  0.00000000   -0.08467428  0.00000000    0.00448711  0.00000000
 -0.08467428  0.00000000    0.09374222  0.00000000    0.01191093  0.00000000
  0.00448711  0.00000000    0.01191093  0.00000000    0.08747309  0.00000000

     Dynamical  Matrix in cartesian axes

     q = (    0.416666667   0.083333333  -0.666666667 ) 

    1    1
  0.09374222  0.00000000   -0.01191093  0.00000000   -0.08467428  0.00000000
 -0.01191093  0.00000000    0.08747309  0.00000000   -0.00448711  0.00000000
 -0.08467428  0.00000000   -0.00448711  0.00000000    0.08906724  0.00000000

     Dynamical  Matrix in cartesian axes

     q = (    0.416666667  -0.083333333   0.666666667 ) 

    1    1
  0.09374222  0.00000000    0.01191093  0.00000000    0.08467428  0.00000000
  0.01191093  0.00000000    0.08747309  0.00000000   -0.00448711  0.00000000
  0.08467428  0.00000000   -0.00448711  0.00000000    0.08906724  0.00000000

     Dynamical  Matrix in cartesian axes

     q = (   -0.416666667  -0.083333333  -0.666666667 ) 

    1    1
  0.09374222  0.00000000   -0.01191093  0.00000000    0.08467428  0.00000000
 -0.01191093  0.00000000    0.08747309  0.00000000    0.00448711  0.00000000
  0.08467428  0.00000000    0.00448711  0.00000000    0.08906724  0.00000000

     Dynamical  Matrix in cartesian axes

     q = (   -0.416666667   0.083333333   0.666666667 ) 

    1    1
  0.09374222  0.00000000    0.01191093  0.00000000   -0.08467428  0.00000000
  0.01191093  0.00000000    0.08747309  0.00000000    0.00448711  0.00000000
 -0.08467428  0.00000000    0.00448711  0.00000000    0.08906724  0.00000000

     Diagonalizing the dynamical matrix

     q = (   -0.083333333   0.666666667  -0.416666667 ) 

 **************************************************************************
     freq (    1) =       1.495751 [THz] =      49.892884 [cm-1]
 (  0.138777 -0.000000  0.706793 -0.000000  0.693674  0.000000 ) 
     freq (    2) =       6.249878 [THz] =     208.473498 [cm-1]
 (  0.988430  0.000000 -0.142155  0.000000 -0.052902  0.000000 ) 
     freq (    3) =       8.812013 [THz] =     293.937131 [cm-1]
 ( -0.061219  0.000000 -0.692990  0.000000  0.718344  0.000000 ) 
 **************************************************************************
