Dynamical matrix file
                                                                           
  1    1  3  6.1240000  0.0000000  0.0000000  0.0000000  0.0000000  0.0000000
           1  'Al  '    24592.588541212976     
    1    1      0.0000000000      0.0000000000      0.0000000000

     Dynamical  Matrix in cartesian axes

     q = (   -0.166666667   0.666666667  -0.500000000 ) 

    1    1
  0.07724897  0.00000000    0.00279852  0.00000000   -0.02652276  0.00000000
  0.00279852  0.00000000    0.07841842  0.00000000   -0.07997884  0.00000000
 -0.02652276  0.00000000   -0.07997884  0.00000000    0.08231790  0.00000000

     Dynamical  Matrix in cartesian axes

     q = (    0.666666667  -0.166666667  -0.500000000 ) 

    1    1
  0.07841842  0.00000000    0.00279852  0.00000000   -0.07997884  0.00000000
  0.00279852  0.00000000    0.07724897  0.00000000   -0.02652276  0.00000000
 -0.07997884  0.00000000   -0.02652276  0.00000000    0.08231790  0.00000000

     Dynamical  Matrix in cartesian axes

     q = (    0.166666667   0.500000000  -0.666666667 ) 

    1    1
  0.07724897  0.00000000   -0.02652276  0.00000000    0.00279852  0.00000000
 -0.02652276  0.00000000    0.08231790  0.00000000   -0.07997884  0.00000000
  0.00279852  0.00000000   -0.07997884  0.00000000    0.07841842  0.00000000

     Dynamical  Matrix in cartesian axes

     q = (   -0.166666667   0.500000000  -0.666666667 ) 

    1    1
  0.07724897  0.00000000    0.02652276  0.00000000   -0.00279852  0.00000000
  0.02652276  0.00000000    0.08231790  0.00000000   -0.07997884  0.00000000
 -0.00279852  0.00000000   -0.07997884  0.00000000    0.07841842  0.00000000

     Dynamical  Matrix in cartesian axes

     q = (   -0.166666667  -0.666666667   0.500000000 ) 

    1    1
  0.07724897  0.00000000   -0.00279852  0.00000000    0.02652276  0.00000000
 -0.00279852  0.00000000    0.07841842  0.00000000   -0.07997884  0.00000000
  0.02652276  0.00000000   -0.07997884  0.00000000    0.08231790  0.00000000

     Dynamical  Matrix in cartesian axes

     q = (   -0.166666667  -0.500000000   0.666666667 ) 

    1    1
  0.07724897  0.00000000   -0.02652276  0.00000000    0.00279852  0.00000000
 -0.02652276  0.00000000    0.08231790  0.00000000   -0.07997884  0.00000000
  0.00279852  0.00000000   -0.07997884  0.00000000    0.07841842  0.00000000

     Dynamical  Matrix in cartesian axes

     q = (    0.166666667  -0.500000000   0.666666667 ) 

    1    1
  0.07724897  0.00000000    0.02652276  0.00000000   -0.00279852  0.00000000
  0.02652276  0.00000000    0.08231790  0.00000000   -0.07997884  0.00000000
 -0.00279852  0.00000000   -0.07997884  0.00000000    0.07841842  0.00000000

     Dynamical  Matrix in cartesian axes

     q = (    0.166666667  -0.666666667   0.500000000 ) 

    1    1
  0.07724897  0.00000000    0.00279852  0.00000000   -0.02652276  0.00000000
  0.00279852  0.00000000    0.07841842  0.00000000   -0.07997884  0.00000000
 -0.02652276  0.00000000   -0.07997884  0.00000000    0.08231790  0.00000000

     Dynamical  Matrix in cartesian axes

     q = (   -0.666666667   0.500000000  -0.166666667 ) 

    1    1
  0.07841842  0.00000000   -0.07997884  0.00000000   -0.00279852  0.00000000
 -0.07997884  0.00000000    0.08231790  0.00000000    0.02652276  0.00000000
 -0.00279852  0.00000000    0.02652276  0.00000000    0.07724897  0.00000000

     Dynamical  Matrix in cartesian axes

     q = (   -0.666666667  -0.500000000   0.166666667 ) 

    1    1
  0.07841842  0.00000000    0.07997884  0.00000000    0.00279852  0.00000000
  0.07997884  0.00000000    0.08231790  0.00000000    0.02652276  0.00000000
  0.00279852  0.00000000    0.02652276  0.00000000    0.07724897  0.00000000

     Dynamical  Matrix in cartesian axes

     q = (   -0.500000000   0.166666667  -0.666666667 ) 

    1    1
  0.08231790  0.00000000    0.02652276  0.00000000    0.07997884  0.00000000
  0.02652276  0.00000000    0.07724897  0.00000000    0.00279852  0.00000000
  0.07997884  0.00000000    0.00279852  0.00000000    0.07841842  0.00000000

     Dynamical  Matrix in cartesian axes

     q = (   -0.166666667  -0.666666667  -0.500000000 ) 

    1    1
  0.07724897  0.00000000   -0.00279852  0.00000000   -0.02652276  0.00000000
 -0.00279852  0.00000000    0.07841842  0.00000000    0.07997884  0.00000000
 -0.02652276  0.00000000    0.07997884  0.00000000    0.08231790  0.00000000

     Dynamical  Matrix in cartesian axes

     q = (    0.500000000  -0.166666667  -0.666666667 ) 

    1    1
  0.08231790  0.00000000    0.02652276  0.00000000   -0.07997884  0.00000000
  0.02652276  0.00000000    0.07724897  0.00000000   -0.00279852  0.00000000
 -0.07997884  0.00000000   -0.00279852  0.00000000    0.07841842  0.00000000

     Dynamical  Matrix in cartesian axes

     q = (    0.166666667   0.666666667   0.500000000 ) 

    1    1
  0.07724897  0.00000000   -0.00279852  0.00000000   -0.02652276  0.00000000
 -0.00279852  0.00000000    0.07841842  0.00000000    0.07997884  0.00000000
 -0.02652276  0.00000000    0.07997884  0.00000000    0.08231790  0.00000000

     Dynamical  Matrix in cartesian axes

     q = (    0.666666667  -0.500000000  -0.166666667 ) 

    1    1
  0.07841842  0.00000000   -0.07997884  0.00000000    0.00279852  0.00000000
 -0.07997884  0.00000000    0.08231790  0.00000000   -0.02652276  0.00000000
  0.00279852  0.00000000   -0.02652276  0.00000000    0.07724897  0.00000000

     Dynamical  Matrix in cartesian axes

     q = (   -0.666666667  -0.166666667   0.500000000 ) 

    1    1
  0.07841842  0.00000000   -0.00279852  0.00000000   -0.07997884  0.00000000
 -0.00279852  0.00000000    0.07724897  0.00000000    0.02652276  0.00000000
 -0.07997884  0.00000000    0.02652276  0.00000000    0.08231790  0.00000000

     Dynamical  Matrix in cartesian axes

     q = (    0.666666667   0.166666667   0.500000000 ) 

    1    1
  0.07841842  0.00000000   -0.00279852  0.00000000    0.07997884  0.00000000
 -0.00279852  0.00000000    0.07724897  0.00000000   -0.02652276  0.00000000
  0.07997884  0.00000000   -0.02652276  0.00000000    0.08231790  0.00000000

     Dynamical  Matrix in cartesian axes

     q = (    0.500000000   0.166666667   0.666666667 ) 

    1    1
  0.08231790  0.00000000   -0.02652276  0.00000000    0.07997884  0.00000000
 -0.02652276  0.00000000    0.07724897  0.00000000   -0.00279852  0.00000000
  0.07997884  0.00000000   -0.00279852  0.00000000    0.07841842  0.00000000

     Dynamical  Matrix in cartesian axes

     q = (    0.500000000  -0.666666667  -0.166666667 ) 

    1    1
  0.08231790  0.00000000   -0.07997884  0.00000000    0.02652276  0.00000000
 -0.07997884  0.00000000    0.07841842  0.00000000   -0.00279852  0.00000000
  0.02652276  0.00000000   -0.00279852  0.00000000    0.07724897  0.00000000

     Dynamical  Matrix in cartesian axes

     q = (   -0.500000000  -0.666666667   0.166666667 ) 

    1    1
  0.08231790  0.00000000    0.07997884  0.00000000    0.02652276  0.00000000
  0.07997884  0.00000000    0.07841842  0.00000000    0.00279852  0.00000000
  0.02652276  0.00000000    0.00279852  0.00000000    0.07724897  0.00000000

     Dynamical  Matrix in cartesian axes

     q = (    0.166666667   0.666666667  -0.500000000 ) 

    1    1
  0.07724897  0.00000000   -0.00279852  0.00000000    0.02652276  0.00000000
 -0.00279852  0.00000000    0.07841842  0.00000000   -0.07997884  0.00000000
  0.02652276  0.00000000   -0.07997884  0.00000000    0.08231790  0.00000000

     Dynamical  Matrix in cartesian axes

     q = (    0.500000000   0.666666667   0.166666667 ) 

    1    1
  0.08231790  0.00000000    0.07997884  0.00000000   -0.02652276  0.00000000
  0.07997884  0.00000000    0.07841842  0.00000000   -0.00279852  0.00000000
 -0.02652276  0.00000000   -0.00279852  0.00000000    0.07724897  0.00000000

     Dynamical  Matrix in cartesian axes

     q = (    0.166666667   0.500000000   0.666666667 ) 

    1    1
  0.07724897  0.00000000   -0.02652276  0.00000000   -0.00279852  0.00000000
 -0.02652276  0.00000000    0.08231790  0.00000000    0.07997884  0.00000000
 -0.00279852  0.00000000    0.07997884  0.00000000    0.07841842  0.00000000

     Dynamical  Matrix in cartesian axes

     q = (    0.166666667  -0.500000000  -0.666666667 ) 

    1    1
  0.07724897  0.00000000    0.02652276  0.00000000    0.00279852  0.00000000
  0.02652276  0.00000000    0.08231790  0.00000000    0.07997884  0.00000000
  0.00279852  0.00000000    0.07997884  0.00000000    0.07841842  0.00000000

     Dynamical  Matrix in cartesian axes

     q = (   -0.666666667   0.166666667   0.500000000 ) 

    1    1
  0.07841842  0.00000000    0.00279852  0.00000000   -0.07997884  0.00000000
  0.00279852  0.00000000    0.07724897  0.00000000   -0.02652276  0.00000000
 -0.07997884  0.00000000   -0.02652276  0.00000000    0.08231790  0.00000000

     Dynamical  Matrix in cartesian axes

     q = (   -0.166666667   0.666666667   0.500000000 ) 

    1    1
  0.07724897  0.00000000    0.00279852  0.00000000    0.02652276  0.00000000
  0.00279852  0.00000000    0.07841842  0.00000000    0.07997884  0.00000000
  0.02652276  0.00000000    0.07997884  0.00000000    0.08231790  0.00000000

     Dynamical  Matrix in cartesian axes

     q = (   -0.500000000  -0.166666667   0.666666667 ) 

    1    1
  0.08231790  0.00000000   -0.02652276  0.00000000   -0.07997884  0.00000000
 -0.02652276  0.00000000    0.07724897  0.00000000    0.00279852  0.00000000
 -0.07997884  0.00000000    0.00279852  0.00000000    0.07841842  0.00000000

     Dynamical  Matrix in cartesian axes

     q = (   -0.666666667  -0.166666667  -0.500000000 ) 

    1    1
  0.07841842  0.00000000   -0.00279852  0.00000000    0.07997884  0.00000000
 -0.00279852  0.00000000    0.07724897  0.00000000   -0.02652276  0.00000000
  0.07997884  0.00000000   -0.02652276  0.00000000    0.08231790  0.00000000

     Dynamical  Matrix in cartesian axes

     q = (   -0.166666667  -0.500000000  -0.666666667 ) 

    1    1
  0.07724897  0.00000000   -0.02652276  0.00000000   -0.00279852  0.00000000
 -0.02652276  0.00000000    0.08231790  0.00000000    0.07997884  0.00000000
 -0.00279852  0.00000000    0.07997884  0.00000000    0.07841842  0.00000000

     Dynamical  Matrix in cartesian axes

     q = (    0.666666667   0.166666667  -0.500000000 ) 

    1    1
  0.07841842  0.00000000   -0.00279852  0.00000000   -0.07997884  0.00000000
 -0.00279852  0.00000000    0.07724897  0.00000000    0.02652276  0.00000000
 -0.07997884  0.00000000    0.02652276  0.00000000    0.08231790  0.00000000

     Dynamical  Matrix in cartesian axes

     q = (   -0.166666667   0.500000000   0.666666667 ) 

    1    1
  0.07724897  0.00000000    0.02652276  0.00000000    0.00279852  0.00000000
  0.02652276  0.00000000    0.08231790  0.00000000    0.07997884  0.00000000
  0.00279852  0.00000000    0.07997884  0.00000000    0.07841842  0.00000000

     Dynamical  Matrix in cartesian axes

     q = (   -0.500000000   0.666666667  -0.166666667 ) 

    1    1
  0.08231790  0.00000000   -0.07997884  0.00000000   -0.02652276  0.00000000
 -0.07997884  0.00000000    0.07841842  0.00000000    0.00279852  0.00000000
 -0.02652276  0.00000000    0.00279852  0.00000000    0.07724897  0.00000000

     Dynamical  Matrix in cartesian axes

     q = (    0.166666667  -0.666666667  -0.500000000 ) 

    1    1
  0.07724897  0.00000000    0.00279852  0.00000000    0.02652276  0.00000000
  0.00279852  0.00000000    0.07841842  0.00000000    0.07997884  0.00000000
  0.02652276  0.00000000    0.07997884  0.00000000    0.08231790  0.00000000

     Dynamical  Matrix in cartesian axes

     q = (   -0.666666667   0.166666667  -0.500000000 ) 

    1    1
  0.07841842  0.00000000    0.00279852  0.00000000    0.07997884  0.00000000
  0.00279852  0.00000000    0.07724897  0.00000000    0.02652276  0.00000000
  0.07997884  0.00000000    0.02652276  0.00000000    0.08231790  0.00000000

     Dynamical  Matrix in cartesian axes

     q = (    0.666666667   0.500000000   0.166666667 ) 

    1    1
  0.07841842  0.00000000    0.07997884  0.00000000   -0.00279852  0.00000000
  0.07997884  0.00000000    0.08231790  0.00000000   -0.02652276  0.00000000
 -0.00279852  0.00000000   -0.02652276  0.00000000    0.07724897  0.00000000

     Dynamical  Matrix in cartesian axes

     q = (   -0.500000000  -0.666666667  -0.166666667 ) 

    1    1
  0.08231790  0.00000000    0.07997884  0.00000000   -0.02652276  0.00000000
  0.07997884  0.00000000    0.07841842  0.00000000   -0.00279852  0.00000000
 -0.02652276  0.00000000   -0.00279852  0.00000000    0.07724897  0.00000000

     Dynamical  Matrix in cartesian axes

     q = (    0.500000000  -0.666666667   0.166666667 ) 

    1    1
  0.08231790  0.00000000   -0.07997884  0.00000000   -0.02652276  0.00000000
 -0.07997884  0.00000000    0.07841842  0.00000000    0.00279852  0.00000000
 -0.02652276  0.00000000    0.00279852  0.00000000    0.07724897  0.00000000

     Dynamical  Matrix in cartesian axes

     q = (   -0.500000000   0.666666667   0.166666667 ) 

    1    1
  0.08231790  0.00000000   -0.07997884  0.00000000    0.02652276  0.00000000
 -0.07997884  0.00000000    0.07841842  0.00000000   -0.00279852  0.00000000
  0.02652276  0.00000000   -0.00279852  0.00000000    0.07724897  0.00000000

     Dynamical  Matrix in cartesian axes

     q = (    0.500000000   0.666666667  -0.166666667 ) 

    1    1
  0.08231790  0.00000000    0.07997884  0.00000000    0.02652276  0.00000000
  0.07997884  0.00000000    0.07841842  0.00000000    0.00279852  0.00000000
  0.02652276  0.00000000    0.00279852  0.00000000    0.07724897  0.00000000

     Dynamical  Matrix in cartesian axes

     q = (    0.666666667  -0.166666667   0.500000000 ) 

    1    1
  0.07841842  0.00000000    0.00279852  0.00000000    0.07997884  0.00000000
  0.00279852  0.00000000    0.07724897  0.00000000    0.02652276  0.00000000
  0.07997884  0.00000000    0.02652276  0.00000000    0.08231790  0.00000000

     Dynamical  Matrix in cartesian axes

     q = (   -0.666666667   0.500000000   0.166666667 ) 

    1    1
  0.07841842  0.00000000   -0.07997884  0.00000000    0.00279852  0.00000000
 -0.07997884  0.00000000    0.08231790  0.00000000   -0.02652276  0.00000000
  0.00279852  0.00000000   -0.02652276  0.00000000    0.07724897  0.00000000

     Dynamical  Matrix in cartesian axes

     q = (    0.666666667   0.500000000  -0.166666667 ) 

    1    1
  0.07841842  0.00000000    0.07997884  0.00000000    0.00279852  0.00000000
  0.07997884  0.00000000    0.08231790  0.00000000    0.02652276  0.00000000
  0.00279852  0.00000000    0.02652276  0.00000000    0.07724897  0.00000000

     Dynamical  Matrix in cartesian axes

     q = (   -0.666666667  -0.500000000  -0.166666667 ) 

    1    1
  0.07841842  0.00000000    0.07997884  0.00000000   -0.00279852  0.00000000
  0.07997884  0.00000000    0.08231790  0.00000000   -0.02652276  0.00000000
 -0.00279852  0.00000000   -0.02652276  0.00000000    0.07724897  0.00000000

     Dynamical  Matrix in cartesian axes

     q = (    0.666666667  -0.500000000   0.166666667 ) 

    1    1
  0.07841842  0.00000000   -0.07997884  0.00000000   -0.00279852  0.00000000
 -0.07997884  0.00000000    0.08231790  0.00000000    0.02652276  0.00000000
 -0.00279852  0.00000000    0.02652276  0.00000000    0.07724897  0.00000000

     Dynamical  Matrix in cartesian axes

     q = (    0.500000000   0.166666667  -0.666666667 ) 

    1    1
  0.08231790  0.00000000   -0.02652276  0.00000000   -0.07997884  0.00000000
 -0.02652276  0.00000000    0.07724897  0.00000000    0.00279852  0.00000000
 -0.07997884  0.00000000    0.00279852  0.00000000    0.07841842  0.00000000

     Dynamical  Matrix in cartesian axes

     q = (    0.500000000  -0.166666667   0.666666667 ) 

    1    1
  0.08231790  0.00000000    0.02652276  0.00000000    0.07997884  0.00000000
  0.02652276  0.00000000    0.07724897  0.00000000    0.00279852  0.00000000
  0.07997884  0.00000000    0.00279852  0.00000000    0.07841842  0.00000000

     Dynamical  Matrix in cartesian axes

     q = (   -0.500000000  -0.166666667  -0.666666667 ) 

    1    1
  0.08231790  0.00000000   -0.02652276  0.00000000    0.07997884  0.00000000
 -0.02652276  0.00000000    0.07724897  0.00000000   -0.00279852  0.00000000
  0.07997884  0.00000000   -0.00279852  0.00000000    0.07841842  0.00000000

     Dynamical  Matrix in cartesian axes

     q = (   -0.500000000   0.166666667   0.666666667 ) 

    1    1
  0.08231790  0.00000000    0.02652276  0.00000000   -0.07997884  0.00000000
  0.02652276  0.00000000    0.07724897  0.00000000   -0.00279852  0.00000000
 -0.07997884  0.00000000   -0.00279852  0.00000000    0.07841842  0.00000000

     Diagonalizing the dynamical matrix

     q = (   -0.166666667   0.666666667  -0.500000000 ) 

 **************************************************************************
     freq (    1) =      -1.176818 [THz] =     -39.254417 [cm-1]
 (  0.207872 -0.000000  0.681190 -0.000000  0.701975  0.000000 ) 
     freq (    2) =       5.771774 [THz] =     192.525667 [cm-1]
 (  0.949484  0.000000 -0.313002  0.000000  0.022569  0.000000 ) 
     freq (    3) =       8.532732 [THz] =     284.621290 [cm-1]
 ( -0.235093  0.000000 -0.661823  0.000000  0.711844  0.000000 ) 
 **************************************************************************
