Dynamical matrix file
                                                                           
  1    1  3  6.1240000  0.0000000  0.0000000  0.0000000  0.0000000  0.0000000
           1  'Al  '    24592.588541212976     
    1    1      0.0000000000      0.0000000000      0.0000000000

     Dynamical  Matrix in cartesian axes

     q = (   -0.083333333   0.583333333  -0.500000000 ) 

    1    1
  0.07754892  0.00000000    0.00149585  0.00000000   -0.00737881  0.00000000
  0.00149585  0.00000000    0.08074555  0.00000000   -0.09924780  0.00000000
 -0.00737881  0.00000000   -0.09924780  0.00000000    0.08250389  0.00000000

     Dynamical  Matrix in cartesian axes

     q = (    0.583333333  -0.083333333  -0.500000000 ) 

    1    1
  0.08074555  0.00000000    0.00149585  0.00000000   -0.09924780  0.00000000
  0.00149585  0.00000000    0.07754892  0.00000000   -0.00737881  0.00000000
 -0.09924780  0.00000000   -0.00737881  0.00000000    0.08250389  0.00000000

     Dynamical  Matrix in cartesian axes

     q = (    0.083333333   0.500000000  -0.583333333 ) 

    1    1
  0.07754892  0.00000000   -0.00737881  0.00000000    0.00149585  0.00000000
 -0.00737881  0.00000000    0.08250389  0.00000000   -0.09924780  0.00000000
  0.00149585  0.00000000   -0.09924780  0.00000000    0.08074555  0.00000000

     Dynamical  Matrix in cartesian axes

     q = (   -0.083333333   0.500000000  -0.583333333 ) 

    1    1
  0.07754892  0.00000000    0.00737881  0.00000000   -0.00149585  0.00000000
  0.00737881  0.00000000    0.08250389  0.00000000   -0.09924780  0.00000000
 -0.00149585  0.00000000   -0.09924780  0.00000000    0.08074555  0.00000000

     Dynamical  Matrix in cartesian axes

     q = (   -0.083333333  -0.583333333   0.500000000 ) 

    1    1
  0.07754892  0.00000000   -0.00149585  0.00000000    0.00737881  0.00000000
 -0.00149585  0.00000000    0.08074555  0.00000000   -0.09924780  0.00000000
  0.00737881  0.00000000   -0.09924780  0.00000000    0.08250389  0.00000000

     Dynamical  Matrix in cartesian axes

     q = (   -0.083333333  -0.500000000   0.583333333 ) 

    1    1
  0.07754892  0.00000000   -0.00737881  0.00000000    0.00149585  0.00000000
 -0.00737881  0.00000000    0.08250389  0.00000000   -0.09924780  0.00000000
  0.00149585  0.00000000   -0.09924780  0.00000000    0.08074555  0.00000000

     Dynamical  Matrix in cartesian axes

     q = (    0.083333333  -0.500000000   0.583333333 ) 

    1    1
  0.07754892  0.00000000    0.00737881  0.00000000   -0.00149585  0.00000000
  0.00737881  0.00000000    0.08250389  0.00000000   -0.09924780  0.00000000
 -0.00149585  0.00000000   -0.09924780  0.00000000    0.08074555  0.00000000

     Dynamical  Matrix in cartesian axes

     q = (    0.083333333  -0.583333333   0.500000000 ) 

    1    1
  0.07754892  0.00000000    0.00149585  0.00000000   -0.00737881  0.00000000
  0.00149585  0.00000000    0.08074555  0.00000000   -0.09924780  0.00000000
 -0.00737881  0.00000000   -0.09924780  0.00000000    0.08250389  0.00000000

     Dynamical  Matrix in cartesian axes

     q = (   -0.583333333   0.500000000  -0.083333333 ) 

    1    1
  0.08074555  0.00000000   -0.09924780  0.00000000   -0.00149585  0.00000000
 -0.09924780  0.00000000    0.08250389  0.00000000    0.00737881  0.00000000
 -0.00149585  0.00000000    0.00737881  0.00000000    0.07754892  0.00000000

     Dynamical  Matrix in cartesian axes

     q = (   -0.583333333  -0.500000000   0.083333333 ) 

    1    1
  0.08074555  0.00000000    0.09924780  0.00000000    0.00149585  0.00000000
  0.09924780  0.00000000    0.08250389  0.00000000    0.00737881  0.00000000
  0.00149585  0.00000000    0.00737881  0.00000000    0.07754892  0.00000000

     Dynamical  Matrix in cartesian axes

     q = (   -0.500000000   0.083333333  -0.583333333 ) 

    1    1
  0.08250389  0.00000000    0.00737881  0.00000000    0.09924780  0.00000000
  0.00737881  0.00000000    0.07754892  0.00000000    0.00149585  0.00000000
  0.09924780  0.00000000    0.00149585  0.00000000    0.08074555  0.00000000

     Dynamical  Matrix in cartesian axes

     q = (   -0.083333333  -0.583333333  -0.500000000 ) 

    1    1
  0.07754892  0.00000000   -0.00149585  0.00000000   -0.00737881  0.00000000
 -0.00149585  0.00000000    0.08074555  0.00000000    0.09924780  0.00000000
 -0.00737881  0.00000000    0.09924780  0.00000000    0.08250389  0.00000000

     Dynamical  Matrix in cartesian axes

     q = (    0.500000000  -0.083333333  -0.583333333 ) 

    1    1
  0.08250389  0.00000000    0.00737881  0.00000000   -0.09924780  0.00000000
  0.00737881  0.00000000    0.07754892  0.00000000   -0.00149585  0.00000000
 -0.09924780  0.00000000   -0.00149585  0.00000000    0.08074555  0.00000000

     Dynamical  Matrix in cartesian axes

     q = (    0.083333333   0.583333333   0.500000000 ) 

    1    1
  0.07754892  0.00000000   -0.00149585  0.00000000   -0.00737881  0.00000000
 -0.00149585  0.00000000    0.08074555  0.00000000    0.09924780  0.00000000
 -0.00737881  0.00000000    0.09924780  0.00000000    0.08250389  0.00000000

     Dynamical  Matrix in cartesian axes

     q = (    0.583333333  -0.500000000  -0.083333333 ) 

    1    1
  0.08074555  0.00000000   -0.09924780  0.00000000    0.00149585  0.00000000
 -0.09924780  0.00000000    0.08250389  0.00000000   -0.00737881  0.00000000
  0.00149585  0.00000000   -0.00737881  0.00000000    0.07754892  0.00000000

     Dynamical  Matrix in cartesian axes

     q = (   -0.583333333  -0.083333333   0.500000000 ) 

    1    1
  0.08074555  0.00000000   -0.00149585  0.00000000   -0.09924780  0.00000000
 -0.00149585  0.00000000    0.07754892  0.00000000    0.00737881  0.00000000
 -0.09924780  0.00000000    0.00737881  0.00000000    0.08250389  0.00000000

     Dynamical  Matrix in cartesian axes

     q = (    0.583333333   0.083333333   0.500000000 ) 

    1    1
  0.08074555  0.00000000   -0.00149585  0.00000000    0.09924780  0.00000000
 -0.00149585  0.00000000    0.07754892  0.00000000   -0.00737881  0.00000000
  0.09924780  0.00000000   -0.00737881  0.00000000    0.08250389  0.00000000

     Dynamical  Matrix in cartesian axes

     q = (    0.500000000   0.083333333   0.583333333 ) 

    1    1
  0.08250389  0.00000000   -0.00737881  0.00000000    0.09924780  0.00000000
 -0.00737881  0.00000000    0.07754892  0.00000000   -0.00149585  0.00000000
  0.09924780  0.00000000   -0.00149585  0.00000000    0.08074555  0.00000000

     Dynamical  Matrix in cartesian axes

     q = (    0.500000000  -0.583333333  -0.083333333 ) 

    1    1
  0.08250389  0.00000000   -0.09924780  0.00000000    0.00737881  0.00000000
 -0.09924780  0.00000000    0.08074555  0.00000000   -0.00149585  0.00000000
  0.00737881  0.00000000   -0.00149585  0.00000000    0.07754892  0.00000000

     Dynamical  Matrix in cartesian axes

     q = (   -0.500000000  -0.583333333   0.083333333 ) 

    1    1
  0.08250389  0.00000000    0.09924780  0.00000000    0.00737881  0.00000000
  0.09924780  0.00000000    0.08074555  0.00000000    0.00149585  0.00000000
  0.00737881  0.00000000    0.00149585  0.00000000    0.07754892  0.00000000

     Dynamical  Matrix in cartesian axes

     q = (    0.083333333   0.583333333  -0.500000000 ) 

    1    1
  0.07754892  0.00000000   -0.00149585  0.00000000    0.00737881  0.00000000
 -0.00149585  0.00000000    0.08074555  0.00000000   -0.09924780  0.00000000
  0.00737881  0.00000000   -0.09924780  0.00000000    0.08250389  0.00000000

     Dynamical  Matrix in cartesian axes

     q = (    0.500000000   0.583333333   0.083333333 ) 

    1    1
  0.08250389  0.00000000    0.09924780  0.00000000   -0.00737881  0.00000000
  0.09924780  0.00000000    0.08074555  0.00000000   -0.00149585  0.00000000
 -0.00737881  0.00000000   -0.00149585  0.00000000    0.07754892  0.00000000

     Dynamical  Matrix in cartesian axes

     q = (    0.083333333   0.500000000   0.583333333 ) 

    1    1
  0.07754892  0.00000000   -0.00737881  0.00000000   -0.00149585  0.00000000
 -0.00737881  0.00000000    0.08250389  0.00000000    0.09924780  0.00000000
 -0.00149585  0.00000000    0.09924780  0.00000000    0.08074555  0.00000000

     Dynamical  Matrix in cartesian axes

     q = (    0.083333333  -0.500000000  -0.583333333 ) 

    1    1
  0.07754892  0.00000000    0.00737881  0.00000000    0.00149585  0.00000000
  0.00737881  0.00000000    0.08250389  0.00000000    0.09924780  0.00000000
  0.00149585  0.00000000    0.09924780  0.00000000    0.08074555  0.00000000

     Dynamical  Matrix in cartesian axes

     q = (   -0.583333333   0.083333333   0.500000000 ) 

    1    1
  0.08074555  0.00000000    0.00149585  0.00000000   -0.09924780  0.00000000
  0.00149585  0.00000000    0.07754892  0.00000000   -0.00737881  0.00000000
 -0.09924780  0.00000000   -0.00737881  0.00000000    0.08250389  0.00000000

     Dynamical  Matrix in cartesian axes

     q = (   -0.083333333   0.583333333   0.500000000 ) 

    1    1
  0.07754892  0.00000000    0.00149585  0.00000000    0.00737881  0.00000000
  0.00149585  0.00000000    0.08074555  0.00000000    0.09924780  0.00000000
  0.00737881  0.00000000    0.09924780  0.00000000    0.08250389  0.00000000

     Dynamical  Matrix in cartesian axes

     q = (   -0.500000000  -0.083333333   0.583333333 ) 

    1    1
  0.08250389  0.00000000   -0.00737881  0.00000000   -0.09924780  0.00000000
 -0.00737881  0.00000000    0.07754892  0.00000000    0.00149585  0.00000000
 -0.09924780  0.00000000    0.00149585  0.00000000    0.08074555  0.00000000

     Dynamical  Matrix in cartesian axes

     q = (   -0.583333333  -0.083333333  -0.500000000 ) 

    1    1
  0.08074555  0.00000000   -0.00149585  0.00000000    0.09924780  0.00000000
 -0.00149585  0.00000000    0.07754892  0.00000000   -0.00737881  0.00000000
  0.09924780  0.00000000   -0.00737881  0.00000000    0.08250389  0.00000000

     Dynamical  Matrix in cartesian axes

     q = (   -0.083333333  -0.500000000  -0.583333333 ) 

    1    1
  0.07754892  0.00000000   -0.00737881  0.00000000   -0.00149585  0.00000000
 -0.00737881  0.00000000    0.08250389  0.00000000    0.09924780  0.00000000
 -0.00149585  0.00000000    0.09924780  0.00000000    0.08074555  0.00000000

     Dynamical  Matrix in cartesian axes

     q = (    0.583333333   0.083333333  -0.500000000 ) 

    1    1
  0.08074555  0.00000000   -0.00149585  0.00000000   -0.09924780  0.00000000
 -0.00149585  0.00000000    0.07754892  0.00000000    0.00737881  0.00000000
 -0.09924780  0.00000000    0.00737881  0.00000000    0.08250389  0.00000000

     Dynamical  Matrix in cartesian axes

     q = (   -0.083333333   0.500000000   0.583333333 ) 

    1    1
  0.07754892  0.00000000    0.00737881  0.00000000    0.00149585  0.00000000
  0.00737881  0.00000000    0.08250389  0.00000000    0.09924780  0.00000000
  0.00149585  0.00000000    0.09924780  0.00000000    0.08074555  0.00000000

     Dynamical  Matrix in cartesian axes

     q = (   -0.500000000   0.583333333  -0.083333333 ) 

    1    1
  0.08250389  0.00000000   -0.09924780  0.00000000   -0.00737881  0.00000000
 -0.09924780  0.00000000    0.08074555  0.00000000    0.00149585  0.00000000
 -0.00737881  0.00000000    0.00149585  0.00000000    0.07754892  0.00000000

     Dynamical  Matrix in cartesian axes

     q = (    0.083333333  -0.583333333  -0.500000000 ) 

    1    1
  0.07754892  0.00000000    0.00149585  0.00000000    0.00737881  0.00000000
  0.00149585  0.00000000    0.08074555  0.00000000    0.09924780  0.00000000
  0.00737881  0.00000000    0.09924780  0.00000000    0.08250389  0.00000000

     Dynamical  Matrix in cartesian axes

     q = (   -0.583333333   0.083333333  -0.500000000 ) 

    1    1
  0.08074555  0.00000000    0.00149585  0.00000000    0.09924780  0.00000000
  0.00149585  0.00000000    0.07754892  0.00000000    0.00737881  0.00000000
  0.09924780  0.00000000    0.00737881  0.00000000    0.08250389  0.00000000

     Dynamical  Matrix in cartesian axes

     q = (    0.583333333   0.500000000   0.083333333 ) 

    1    1
  0.08074555  0.00000000    0.09924780  0.00000000   -0.00149585  0.00000000
  0.09924780  0.00000000    0.08250389  0.00000000   -0.00737881  0.00000000
 -0.00149585  0.00000000   -0.00737881  0.00000000    0.07754892  0.00000000

     Dynamical  Matrix in cartesian axes

     q = (   -0.500000000  -0.583333333  -0.083333333 ) 

    1    1
  0.08250389  0.00000000    0.09924780  0.00000000   -0.00737881  0.00000000
  0.09924780  0.00000000    0.08074555  0.00000000   -0.00149585  0.00000000
 -0.00737881  0.00000000   -0.00149585  0.00000000    0.07754892  0.00000000

     Dynamical  Matrix in cartesian axes

     q = (    0.500000000  -0.583333333   0.083333333 ) 

    1    1
  0.08250389  0.00000000   -0.09924780  0.00000000   -0.00737881  0.00000000
 -0.09924780  0.00000000    0.08074555  0.00000000    0.00149585  0.00000000
 -0.00737881  0.00000000    0.00149585  0.00000000    0.07754892  0.00000000

     Dynamical  Matrix in cartesian axes

     q = (   -0.500000000   0.583333333   0.083333333 ) 

    1    1
  0.08250389  0.00000000   -0.09924780  0.00000000    0.00737881  0.00000000
 -0.09924780  0.00000000    0.08074555  0.00000000   -0.00149585  0.00000000
  0.00737881  0.00000000   -0.00149585  0.00000000    0.07754892  0.00000000

     Dynamical  Matrix in cartesian axes

     q = (    0.500000000   0.583333333  -0.083333333 ) 

    1    1
  0.08250389  0.00000000    0.09924780  0.00000000    0.00737881  0.00000000
  0.09924780  0.00000000    0.08074555  0.00000000    0.00149585  0.00000000
  0.00737881  0.00000000    0.00149585  0.00000000    0.07754892  0.00000000

     Dynamical  Matrix in cartesian axes

     q = (    0.583333333  -0.083333333   0.500000000 ) 

    1    1
  0.08074555  0.00000000    0.00149585  0.00000000    0.09924780  0.00000000
  0.00149585  0.00000000    0.07754892  0.00000000    0.00737881  0.00000000
  0.09924780  0.00000000    0.00737881  0.00000000    0.08250389  0.00000000

     Dynamical  Matrix in cartesian axes

     q = (   -0.583333333   0.500000000   0.083333333 ) 

    1    1
  0.08074555  0.00000000   -0.09924780  0.00000000    0.00149585  0.00000000
 -0.09924780  0.00000000    0.08250389  0.00000000   -0.00737881  0.00000000
  0.00149585  0.00000000   -0.00737881  0.00000000    0.07754892  0.00000000

     Dynamical  Matrix in cartesian axes

     q = (    0.583333333   0.500000000  -0.083333333 ) 

    1    1
  0.08074555  0.00000000    0.09924780  0.00000000    0.00149585  0.00000000
  0.09924780  0.00000000    0.08250389  0.00000000    0.00737881  0.00000000
  0.00149585  0.00000000    0.00737881  0.00000000    0.07754892  0.00000000

     Dynamical  Matrix in cartesian axes

     q = (   -0.583333333  -0.500000000  -0.083333333 ) 

    1    1
  0.08074555  0.00000000    0.09924780  0.00000000   -0.00149585  0.00000000
  0.09924780  0.00000000    0.08250389  0.00000000   -0.00737881  0.00000000
 -0.00149585  0.00000000   -0.00737881  0.00000000    0.07754892  0.00000000

     Dynamical  Matrix in cartesian axes

     q = (    0.583333333  -0.500000000   0.083333333 ) 

    1    1
  0.08074555  0.00000000   -0.09924780  0.00000000   -0.00149585  0.00000000
 -0.09924780  0.00000000    0.08250389  0.00000000    0.00737881  0.00000000
 -0.00149585  0.00000000    0.00737881  0.00000000    0.07754892  0.00000000

     Dynamical  Matrix in cartesian axes

     q = (    0.500000000   0.083333333  -0.583333333 ) 

    1    1
  0.08250389  0.00000000   -0.00737881  0.00000000   -0.09924780  0.00000000
 -0.00737881  0.00000000    0.07754892  0.00000000    0.00149585  0.00000000
 -0.09924780  0.00000000    0.00149585  0.00000000    0.08074555  0.00000000

     Dynamical  Matrix in cartesian axes

     q = (    0.500000000  -0.083333333   0.583333333 ) 

    1    1
  0.08250389  0.00000000    0.00737881  0.00000000    0.09924780  0.00000000
  0.00737881  0.00000000    0.07754892  0.00000000    0.00149585  0.00000000
  0.09924780  0.00000000    0.00149585  0.00000000    0.08074555  0.00000000

     Dynamical  Matrix in cartesian axes

     q = (   -0.500000000  -0.083333333  -0.583333333 ) 

    1    1
  0.08250389  0.00000000   -0.00737881  0.00000000    0.09924780  0.00000000
 -0.00737881  0.00000000    0.07754892  0.00000000   -0.00149585  0.00000000
  0.09924780  0.00000000   -0.00149585  0.00000000    0.08074555  0.00000000

     Dynamical  Matrix in cartesian axes

     q = (   -0.500000000   0.083333333   0.583333333 ) 

    1    1
  0.08250389  0.00000000    0.00737881  0.00000000   -0.09924780  0.00000000
  0.00737881  0.00000000    0.07754892  0.00000000   -0.00149585  0.00000000
 -0.09924780  0.00000000   -0.00149585  0.00000000    0.08074555  0.00000000

     Diagonalizing the dynamical matrix

     q = (   -0.083333333   0.583333333  -0.500000000 ) 

 **************************************************************************
     freq (    1) =      -2.799374 [THz] =     -93.377073 [cm-1]
 (  0.043383 -0.000000  0.708595 -0.000000  0.704281  0.000000 ) 
     freq (    2) =       5.834345 [THz] =     194.612800 [cm-1]
 (  0.997217  0.000000 -0.073490  0.000000  0.012513  0.000000 ) 
     freq (    3) =       8.931457 [THz] =     297.921329 [cm-1]
 ( -0.060624  0.000000 -0.701778  0.000000  0.709811  0.000000 ) 
 **************************************************************************
