Dynamical matrix file
                                                                           
  1    1  3  6.1240000  0.0000000  0.0000000  0.0000000  0.0000000  0.0000000
           1  'Al  '    24592.588541212976     
    1    1      0.0000000000      0.0000000000      0.0000000000

     Dynamical  Matrix in cartesian axes

     q = (   -0.083333333  -0.166666667   0.416666667 ) 

    1    1
  0.05758662  0.00000000    0.00353056  0.00000000   -0.02322670  0.00000000
  0.00353056  0.00000000    0.05877488  0.00000000   -0.04999000  0.00000000
 -0.02322670  0.00000000   -0.04999000  0.00000000    0.06785353  0.00000000

     Dynamical  Matrix in cartesian axes

     q = (   -0.166666667  -0.083333333   0.416666667 ) 

    1    1
  0.05877488  0.00000000    0.00353056  0.00000000   -0.04999000  0.00000000
  0.00353056  0.00000000    0.05758662  0.00000000   -0.02322670  0.00000000
 -0.04999000  0.00000000   -0.02322670  0.00000000    0.06785353  0.00000000

     Dynamical  Matrix in cartesian axes

     q = (   -0.083333333   0.416666667  -0.166666667 ) 

    1    1
  0.05758662  0.00000000   -0.02322670  0.00000000    0.00353056  0.00000000
 -0.02322670  0.00000000    0.06785353  0.00000000   -0.04999000  0.00000000
  0.00353056  0.00000000   -0.04999000  0.00000000    0.05877488  0.00000000

     Dynamical  Matrix in cartesian axes

     q = (    0.083333333   0.416666667  -0.166666667 ) 

    1    1
  0.05758662  0.00000000    0.02322670  0.00000000   -0.00353056  0.00000000
  0.02322670  0.00000000    0.06785353  0.00000000   -0.04999000  0.00000000
 -0.00353056  0.00000000   -0.04999000  0.00000000    0.05877488  0.00000000

     Dynamical  Matrix in cartesian axes

     q = (    0.166666667  -0.083333333   0.416666667 ) 

    1    1
  0.05877488  0.00000000   -0.00353056  0.00000000    0.04999000  0.00000000
 -0.00353056  0.00000000    0.05758662  0.00000000   -0.02322670  0.00000000
  0.04999000  0.00000000   -0.02322670  0.00000000    0.06785353  0.00000000

     Dynamical  Matrix in cartesian axes

     q = (   -0.166666667   0.083333333   0.416666667 ) 

    1    1
  0.05877488  0.00000000   -0.00353056  0.00000000   -0.04999000  0.00000000
 -0.00353056  0.00000000    0.05758662  0.00000000    0.02322670  0.00000000
 -0.04999000  0.00000000    0.02322670  0.00000000    0.06785353  0.00000000

     Dynamical  Matrix in cartesian axes

     q = (    0.083333333   0.166666667   0.416666667 ) 

    1    1
  0.05758662  0.00000000    0.00353056  0.00000000    0.02322670  0.00000000
  0.00353056  0.00000000    0.05877488  0.00000000    0.04999000  0.00000000
  0.02322670  0.00000000    0.04999000  0.00000000    0.06785353  0.00000000

     Dynamical  Matrix in cartesian axes

     q = (    0.166666667   0.083333333   0.416666667 ) 

    1    1
  0.05877488  0.00000000    0.00353056  0.00000000    0.04999000  0.00000000
  0.00353056  0.00000000    0.05758662  0.00000000    0.02322670  0.00000000
  0.04999000  0.00000000    0.02322670  0.00000000    0.06785353  0.00000000

     Dynamical  Matrix in cartesian axes

     q = (    0.166666667  -0.416666667  -0.083333333 ) 

    1    1
  0.05877488  0.00000000   -0.04999000  0.00000000   -0.00353056  0.00000000
 -0.04999000  0.00000000    0.06785353  0.00000000    0.02322670  0.00000000
 -0.00353056  0.00000000    0.02322670  0.00000000    0.05758662  0.00000000

     Dynamical  Matrix in cartesian axes

     q = (    0.166666667   0.416666667   0.083333333 ) 

    1    1
  0.05877488  0.00000000    0.04999000  0.00000000    0.00353056  0.00000000
  0.04999000  0.00000000    0.06785353  0.00000000    0.02322670  0.00000000
  0.00353056  0.00000000    0.02322670  0.00000000    0.05758662  0.00000000

     Dynamical  Matrix in cartesian axes

     q = (    0.416666667   0.083333333   0.166666667 ) 

    1    1
  0.06785353  0.00000000    0.02322670  0.00000000    0.04999000  0.00000000
  0.02322670  0.00000000    0.05758662  0.00000000    0.00353056  0.00000000
  0.04999000  0.00000000    0.00353056  0.00000000    0.05877488  0.00000000

     Dynamical  Matrix in cartesian axes

     q = (   -0.083333333   0.166666667   0.416666667 ) 

    1    1
  0.05758662  0.00000000   -0.00353056  0.00000000   -0.02322670  0.00000000
 -0.00353056  0.00000000    0.05877488  0.00000000    0.04999000  0.00000000
 -0.02322670  0.00000000    0.04999000  0.00000000    0.06785353  0.00000000

     Dynamical  Matrix in cartesian axes

     q = (   -0.416666667  -0.083333333   0.166666667 ) 

    1    1
  0.06785353  0.00000000    0.02322670  0.00000000   -0.04999000  0.00000000
  0.02322670  0.00000000    0.05758662  0.00000000   -0.00353056  0.00000000
 -0.04999000  0.00000000   -0.00353056  0.00000000    0.05877488  0.00000000

     Dynamical  Matrix in cartesian axes

     q = (    0.083333333  -0.166666667  -0.416666667 ) 

    1    1
  0.05758662  0.00000000   -0.00353056  0.00000000   -0.02322670  0.00000000
 -0.00353056  0.00000000    0.05877488  0.00000000    0.04999000  0.00000000
 -0.02322670  0.00000000    0.04999000  0.00000000    0.06785353  0.00000000

     Dynamical  Matrix in cartesian axes

     q = (   -0.083333333  -0.416666667   0.166666667 ) 

    1    1
  0.05758662  0.00000000    0.02322670  0.00000000   -0.00353056  0.00000000
  0.02322670  0.00000000    0.06785353  0.00000000   -0.04999000  0.00000000
 -0.00353056  0.00000000   -0.04999000  0.00000000    0.05877488  0.00000000

     Dynamical  Matrix in cartesian axes

     q = (    0.166666667  -0.083333333  -0.416666667 ) 

    1    1
  0.05877488  0.00000000   -0.00353056  0.00000000   -0.04999000  0.00000000
 -0.00353056  0.00000000    0.05758662  0.00000000    0.02322670  0.00000000
 -0.04999000  0.00000000    0.02322670  0.00000000    0.06785353  0.00000000

     Dynamical  Matrix in cartesian axes

     q = (   -0.166666667   0.083333333  -0.416666667 ) 

    1    1
  0.05877488  0.00000000   -0.00353056  0.00000000    0.04999000  0.00000000
 -0.00353056  0.00000000    0.05758662  0.00000000   -0.02322670  0.00000000
  0.04999000  0.00000000   -0.02322670  0.00000000    0.06785353  0.00000000

     Dynamical  Matrix in cartesian axes

     q = (   -0.416666667   0.083333333  -0.166666667 ) 

    1    1
  0.06785353  0.00000000   -0.02322670  0.00000000    0.04999000  0.00000000
 -0.02322670  0.00000000    0.05758662  0.00000000   -0.00353056  0.00000000
  0.04999000  0.00000000   -0.00353056  0.00000000    0.05877488  0.00000000

     Dynamical  Matrix in cartesian axes

     q = (   -0.416666667   0.166666667  -0.083333333 ) 

    1    1
  0.06785353  0.00000000   -0.04999000  0.00000000    0.02322670  0.00000000
 -0.04999000  0.00000000    0.05877488  0.00000000   -0.00353056  0.00000000
  0.02322670  0.00000000   -0.00353056  0.00000000    0.05758662  0.00000000

     Dynamical  Matrix in cartesian axes

     q = (    0.416666667   0.166666667   0.083333333 ) 

    1    1
  0.06785353  0.00000000    0.04999000  0.00000000    0.02322670  0.00000000
  0.04999000  0.00000000    0.05877488  0.00000000    0.00353056  0.00000000
  0.02322670  0.00000000    0.00353056  0.00000000    0.05758662  0.00000000

     Dynamical  Matrix in cartesian axes

     q = (   -0.166666667   0.416666667  -0.083333333 ) 

    1    1
  0.05877488  0.00000000   -0.04999000  0.00000000    0.00353056  0.00000000
 -0.04999000  0.00000000    0.06785353  0.00000000   -0.02322670  0.00000000
  0.00353056  0.00000000   -0.02322670  0.00000000    0.05758662  0.00000000

     Dynamical  Matrix in cartesian axes

     q = (   -0.416666667  -0.166666667   0.083333333 ) 

    1    1
  0.06785353  0.00000000    0.04999000  0.00000000   -0.02322670  0.00000000
  0.04999000  0.00000000    0.05877488  0.00000000   -0.00353056  0.00000000
 -0.02322670  0.00000000   -0.00353056  0.00000000    0.05758662  0.00000000

     Dynamical  Matrix in cartesian axes

     q = (    0.083333333  -0.416666667  -0.166666667 ) 

    1    1
  0.05758662  0.00000000   -0.02322670  0.00000000   -0.00353056  0.00000000
 -0.02322670  0.00000000    0.06785353  0.00000000    0.04999000  0.00000000
 -0.00353056  0.00000000    0.04999000  0.00000000    0.05877488  0.00000000

     Dynamical  Matrix in cartesian axes

     q = (    0.083333333   0.416666667   0.166666667 ) 

    1    1
  0.05758662  0.00000000    0.02322670  0.00000000    0.00353056  0.00000000
  0.02322670  0.00000000    0.06785353  0.00000000    0.04999000  0.00000000
  0.00353056  0.00000000    0.04999000  0.00000000    0.05877488  0.00000000

     Dynamical  Matrix in cartesian axes

     q = (    0.166666667   0.083333333  -0.416666667 ) 

    1    1
  0.05877488  0.00000000    0.00353056  0.00000000   -0.04999000  0.00000000
  0.00353056  0.00000000    0.05758662  0.00000000   -0.02322670  0.00000000
 -0.04999000  0.00000000   -0.02322670  0.00000000    0.06785353  0.00000000

     Dynamical  Matrix in cartesian axes

     q = (   -0.083333333  -0.166666667  -0.416666667 ) 

    1    1
  0.05758662  0.00000000    0.00353056  0.00000000    0.02322670  0.00000000
  0.00353056  0.00000000    0.05877488  0.00000000    0.04999000  0.00000000
  0.02322670  0.00000000    0.04999000  0.00000000    0.06785353  0.00000000

     Dynamical  Matrix in cartesian axes

     q = (   -0.083333333   0.166666667  -0.416666667 ) 

    1    1
  0.05758662  0.00000000   -0.00353056  0.00000000    0.02322670  0.00000000
 -0.00353056  0.00000000    0.05877488  0.00000000   -0.04999000  0.00000000
  0.02322670  0.00000000   -0.04999000  0.00000000    0.06785353  0.00000000

     Dynamical  Matrix in cartesian axes

     q = (    0.416666667  -0.083333333  -0.166666667 ) 

    1    1
  0.06785353  0.00000000   -0.02322670  0.00000000   -0.04999000  0.00000000
 -0.02322670  0.00000000    0.05758662  0.00000000    0.00353056  0.00000000
 -0.04999000  0.00000000    0.00353056  0.00000000    0.05877488  0.00000000

     Dynamical  Matrix in cartesian axes

     q = (   -0.083333333   0.416666667   0.166666667 ) 

    1    1
  0.05758662  0.00000000   -0.02322670  0.00000000   -0.00353056  0.00000000
 -0.02322670  0.00000000    0.06785353  0.00000000    0.04999000  0.00000000
 -0.00353056  0.00000000    0.04999000  0.00000000    0.05877488  0.00000000

     Dynamical  Matrix in cartesian axes

     q = (    0.416666667  -0.166666667  -0.083333333 ) 

    1    1
  0.06785353  0.00000000   -0.04999000  0.00000000   -0.02322670  0.00000000
 -0.04999000  0.00000000    0.05877488  0.00000000    0.00353056  0.00000000
 -0.02322670  0.00000000    0.00353056  0.00000000    0.05758662  0.00000000

     Dynamical  Matrix in cartesian axes

     q = (   -0.083333333  -0.416666667  -0.166666667 ) 

    1    1
  0.05758662  0.00000000    0.02322670  0.00000000    0.00353056  0.00000000
  0.02322670  0.00000000    0.06785353  0.00000000    0.04999000  0.00000000
  0.00353056  0.00000000    0.04999000  0.00000000    0.05877488  0.00000000

     Dynamical  Matrix in cartesian axes

     q = (    0.083333333  -0.416666667   0.166666667 ) 

    1    1
  0.05758662  0.00000000   -0.02322670  0.00000000    0.00353056  0.00000000
 -0.02322670  0.00000000    0.06785353  0.00000000   -0.04999000  0.00000000
  0.00353056  0.00000000   -0.04999000  0.00000000    0.05877488  0.00000000

     Dynamical  Matrix in cartesian axes

     q = (    0.083333333  -0.166666667   0.416666667 ) 

    1    1
  0.05758662  0.00000000   -0.00353056  0.00000000    0.02322670  0.00000000
 -0.00353056  0.00000000    0.05877488  0.00000000   -0.04999000  0.00000000
  0.02322670  0.00000000   -0.04999000  0.00000000    0.06785353  0.00000000

     Dynamical  Matrix in cartesian axes

     q = (    0.083333333   0.166666667  -0.416666667 ) 

    1    1
  0.05758662  0.00000000    0.00353056  0.00000000   -0.02322670  0.00000000
  0.00353056  0.00000000    0.05877488  0.00000000   -0.04999000  0.00000000
 -0.02322670  0.00000000   -0.04999000  0.00000000    0.06785353  0.00000000

     Dynamical  Matrix in cartesian axes

     q = (   -0.166666667  -0.416666667   0.083333333 ) 

    1    1
  0.05877488  0.00000000    0.04999000  0.00000000   -0.00353056  0.00000000
  0.04999000  0.00000000    0.06785353  0.00000000   -0.02322670  0.00000000
 -0.00353056  0.00000000   -0.02322670  0.00000000    0.05758662  0.00000000

     Dynamical  Matrix in cartesian axes

     q = (    0.416666667   0.166666667  -0.083333333 ) 

    1    1
  0.06785353  0.00000000    0.04999000  0.00000000   -0.02322670  0.00000000
  0.04999000  0.00000000    0.05877488  0.00000000   -0.00353056  0.00000000
 -0.02322670  0.00000000   -0.00353056  0.00000000    0.05758662  0.00000000

     Dynamical  Matrix in cartesian axes

     q = (   -0.416666667   0.166666667   0.083333333 ) 

    1    1
  0.06785353  0.00000000   -0.04999000  0.00000000   -0.02322670  0.00000000
 -0.04999000  0.00000000    0.05877488  0.00000000    0.00353056  0.00000000
 -0.02322670  0.00000000    0.00353056  0.00000000    0.05758662  0.00000000

     Dynamical  Matrix in cartesian axes

     q = (    0.416666667  -0.166666667   0.083333333 ) 

    1    1
  0.06785353  0.00000000   -0.04999000  0.00000000    0.02322670  0.00000000
 -0.04999000  0.00000000    0.05877488  0.00000000   -0.00353056  0.00000000
  0.02322670  0.00000000   -0.00353056  0.00000000    0.05758662  0.00000000

     Dynamical  Matrix in cartesian axes

     q = (   -0.416666667  -0.166666667  -0.083333333 ) 

    1    1
  0.06785353  0.00000000    0.04999000  0.00000000    0.02322670  0.00000000
  0.04999000  0.00000000    0.05877488  0.00000000    0.00353056  0.00000000
  0.02322670  0.00000000    0.00353056  0.00000000    0.05758662  0.00000000

     Dynamical  Matrix in cartesian axes

     q = (   -0.166666667  -0.083333333  -0.416666667 ) 

    1    1
  0.05877488  0.00000000    0.00353056  0.00000000    0.04999000  0.00000000
  0.00353056  0.00000000    0.05758662  0.00000000    0.02322670  0.00000000
  0.04999000  0.00000000    0.02322670  0.00000000    0.06785353  0.00000000

     Dynamical  Matrix in cartesian axes

     q = (    0.166666667  -0.416666667   0.083333333 ) 

    1    1
  0.05877488  0.00000000   -0.04999000  0.00000000    0.00353056  0.00000000
 -0.04999000  0.00000000    0.06785353  0.00000000   -0.02322670  0.00000000
  0.00353056  0.00000000   -0.02322670  0.00000000    0.05758662  0.00000000

     Dynamical  Matrix in cartesian axes

     q = (   -0.166666667  -0.416666667  -0.083333333 ) 

    1    1
  0.05877488  0.00000000    0.04999000  0.00000000    0.00353056  0.00000000
  0.04999000  0.00000000    0.06785353  0.00000000    0.02322670  0.00000000
  0.00353056  0.00000000    0.02322670  0.00000000    0.05758662  0.00000000

     Dynamical  Matrix in cartesian axes

     q = (    0.166666667   0.416666667  -0.083333333 ) 

    1    1
  0.05877488  0.00000000    0.04999000  0.00000000   -0.00353056  0.00000000
  0.04999000  0.00000000    0.06785353  0.00000000   -0.02322670  0.00000000
 -0.00353056  0.00000000   -0.02322670  0.00000000    0.05758662  0.00000000

     Dynamical  Matrix in cartesian axes

     q = (   -0.166666667   0.416666667   0.083333333 ) 

    1    1
  0.05877488  0.00000000   -0.04999000  0.00000000   -0.00353056  0.00000000
 -0.04999000  0.00000000    0.06785353  0.00000000    0.02322670  0.00000000
 -0.00353056  0.00000000    0.02322670  0.00000000    0.05758662  0.00000000

     Dynamical  Matrix in cartesian axes

     q = (   -0.416666667   0.083333333   0.166666667 ) 

    1    1
  0.06785353  0.00000000   -0.02322670  0.00000000   -0.04999000  0.00000000
 -0.02322670  0.00000000    0.05758662  0.00000000    0.00353056  0.00000000
 -0.04999000  0.00000000    0.00353056  0.00000000    0.05877488  0.00000000

     Dynamical  Matrix in cartesian axes

     q = (   -0.416666667  -0.083333333  -0.166666667 ) 

    1    1
  0.06785353  0.00000000    0.02322670  0.00000000    0.04999000  0.00000000
  0.02322670  0.00000000    0.05758662  0.00000000    0.00353056  0.00000000
  0.04999000  0.00000000    0.00353056  0.00000000    0.05877488  0.00000000

     Dynamical  Matrix in cartesian axes

     q = (    0.416666667  -0.083333333   0.166666667 ) 

    1    1
  0.06785353  0.00000000   -0.02322670  0.00000000    0.04999000  0.00000000
 -0.02322670  0.00000000    0.05758662  0.00000000   -0.00353056  0.00000000
  0.04999000  0.00000000   -0.00353056  0.00000000    0.05877488  0.00000000

     Dynamical  Matrix in cartesian axes

     q = (    0.416666667   0.083333333  -0.166666667 ) 

    1    1
  0.06785353  0.00000000    0.02322670  0.00000000   -0.04999000  0.00000000
  0.02322670  0.00000000    0.05758662  0.00000000   -0.00353056  0.00000000
 -0.04999000  0.00000000   -0.00353056  0.00000000    0.05877488  0.00000000

     Diagonalizing the dynamical matrix

     q = (   -0.083333333  -0.166666667   0.416666667 ) 

 **************************************************************************
     freq (    1) =       2.022931 [THz] =      67.477714 [cm-1]
 (  0.280410 -0.000000  0.672259 -0.000000  0.685155  0.000000 ) 
     freq (    2) =       4.924956 [THz] =     164.278837 [cm-1]
 (  0.909644  0.000000 -0.414000  0.000000  0.033923  0.000000 ) 
     freq (    3) =       7.261168 [THz] =     242.206503 [cm-1]
 ( -0.306459  0.000000 -0.613736  0.000000  0.727607  0.000000 ) 
 **************************************************************************
