Dynamical matrix file
                                                                           
  1    1  3  6.1240000  0.0000000  0.0000000  0.0000000  0.0000000  0.0000000
           1  'Al  '    24592.588541212976     
    1    1      0.0000000000      0.0000000000      0.0000000000

     Dynamical  Matrix in cartesian axes

     q = (   -0.083333333   0.750000000  -0.333333333 ) 

    1    1
  0.10391823  0.00000000   -0.00839921  0.00000000   -0.01435235  0.00000000
 -0.00839921  0.00000000    0.10705677  0.00000000   -0.05743332  0.00000000
 -0.01435235  0.00000000   -0.05743332  0.00000000    0.11258454  0.00000000

     Dynamical  Matrix in cartesian axes

     q = (    0.750000000  -0.083333333  -0.333333333 ) 

    1    1
  0.10705677  0.00000000   -0.00839921  0.00000000   -0.05743332  0.00000000
 -0.00839921  0.00000000    0.10391823  0.00000000   -0.01435235  0.00000000
 -0.05743332  0.00000000   -0.01435235  0.00000000    0.11258454  0.00000000

     Dynamical  Matrix in cartesian axes

     q = (    0.083333333  -0.333333333   0.750000000 ) 

    1    1
  0.10391823  0.00000000    0.01435235  0.00000000    0.00839921  0.00000000
  0.01435235  0.00000000    0.11258454  0.00000000   -0.05743332  0.00000000
  0.00839921  0.00000000   -0.05743332  0.00000000    0.10705677  0.00000000

     Dynamical  Matrix in cartesian axes

     q = (   -0.083333333  -0.333333333   0.750000000 ) 

    1    1
  0.10391823  0.00000000   -0.01435235  0.00000000   -0.00839921  0.00000000
 -0.01435235  0.00000000    0.11258454  0.00000000   -0.05743332  0.00000000
 -0.00839921  0.00000000   -0.05743332  0.00000000    0.10705677  0.00000000

     Dynamical  Matrix in cartesian axes

     q = (   -0.083333333  -0.750000000  -0.333333333 ) 

    1    1
  0.10391823  0.00000000    0.00839921  0.00000000   -0.01435235  0.00000000
  0.00839921  0.00000000    0.10705677  0.00000000    0.05743332  0.00000000
 -0.01435235  0.00000000    0.05743332  0.00000000    0.11258454  0.00000000

     Dynamical  Matrix in cartesian axes

     q = (   -0.750000000  -0.083333333  -0.333333333 ) 

    1    1
  0.10705677  0.00000000    0.00839921  0.00000000    0.05743332  0.00000000
  0.00839921  0.00000000    0.10391823  0.00000000   -0.01435235  0.00000000
  0.05743332  0.00000000   -0.01435235  0.00000000    0.11258454  0.00000000

     Dynamical  Matrix in cartesian axes

     q = (    0.750000000   0.083333333  -0.333333333 ) 

    1    1
  0.10705677  0.00000000    0.00839921  0.00000000   -0.05743332  0.00000000
  0.00839921  0.00000000    0.10391823  0.00000000    0.01435235  0.00000000
 -0.05743332  0.00000000    0.01435235  0.00000000    0.11258454  0.00000000

     Dynamical  Matrix in cartesian axes

     q = (    0.083333333   0.750000000  -0.333333333 ) 

    1    1
  0.10391823  0.00000000    0.00839921  0.00000000    0.01435235  0.00000000
  0.00839921  0.00000000    0.10705677  0.00000000   -0.05743332  0.00000000
  0.01435235  0.00000000   -0.05743332  0.00000000    0.11258454  0.00000000

     Dynamical  Matrix in cartesian axes

     q = (   -0.750000000   0.333333333  -0.083333333 ) 

    1    1
  0.10705677  0.00000000   -0.05743332  0.00000000    0.00839921  0.00000000
 -0.05743332  0.00000000    0.11258454  0.00000000    0.01435235  0.00000000
  0.00839921  0.00000000    0.01435235  0.00000000    0.10391823  0.00000000

     Dynamical  Matrix in cartesian axes

     q = (    0.083333333  -0.750000000  -0.333333333 ) 

    1    1
  0.10391823  0.00000000   -0.00839921  0.00000000    0.01435235  0.00000000
 -0.00839921  0.00000000    0.10705677  0.00000000    0.05743332  0.00000000
  0.01435235  0.00000000    0.05743332  0.00000000    0.11258454  0.00000000

     Dynamical  Matrix in cartesian axes

     q = (   -0.333333333   0.083333333  -0.750000000 ) 

    1    1
  0.11258454  0.00000000    0.01435235  0.00000000    0.05743332  0.00000000
  0.01435235  0.00000000    0.10391823  0.00000000   -0.00839921  0.00000000
  0.05743332  0.00000000   -0.00839921  0.00000000    0.10705677  0.00000000

     Dynamical  Matrix in cartesian axes

     q = (    0.333333333   0.083333333   0.750000000 ) 

    1    1
  0.11258454  0.00000000   -0.01435235  0.00000000    0.05743332  0.00000000
 -0.01435235  0.00000000    0.10391823  0.00000000    0.00839921  0.00000000
  0.05743332  0.00000000    0.00839921  0.00000000    0.10705677  0.00000000

     Dynamical  Matrix in cartesian axes

     q = (    0.333333333  -0.083333333  -0.750000000 ) 

    1    1
  0.11258454  0.00000000    0.01435235  0.00000000   -0.05743332  0.00000000
  0.01435235  0.00000000    0.10391823  0.00000000    0.00839921  0.00000000
 -0.05743332  0.00000000    0.00839921  0.00000000    0.10705677  0.00000000

     Dynamical  Matrix in cartesian axes

     q = (    0.083333333   0.750000000   0.333333333 ) 

    1    1
  0.10391823  0.00000000    0.00839921  0.00000000   -0.01435235  0.00000000
  0.00839921  0.00000000    0.10705677  0.00000000    0.05743332  0.00000000
 -0.01435235  0.00000000    0.05743332  0.00000000    0.11258454  0.00000000

     Dynamical  Matrix in cartesian axes

     q = (   -0.083333333   0.333333333  -0.750000000 ) 

    1    1
  0.10391823  0.00000000    0.01435235  0.00000000    0.00839921  0.00000000
  0.01435235  0.00000000    0.11258454  0.00000000   -0.05743332  0.00000000
  0.00839921  0.00000000   -0.05743332  0.00000000    0.10705677  0.00000000

     Dynamical  Matrix in cartesian axes

     q = (   -0.750000000  -0.083333333   0.333333333 ) 

    1    1
  0.10705677  0.00000000    0.00839921  0.00000000   -0.05743332  0.00000000
  0.00839921  0.00000000    0.10391823  0.00000000    0.01435235  0.00000000
 -0.05743332  0.00000000    0.01435235  0.00000000    0.11258454  0.00000000

     Dynamical  Matrix in cartesian axes

     q = (    0.750000000   0.083333333   0.333333333 ) 

    1    1
  0.10705677  0.00000000    0.00839921  0.00000000    0.05743332  0.00000000
  0.00839921  0.00000000    0.10391823  0.00000000   -0.01435235  0.00000000
  0.05743332  0.00000000   -0.01435235  0.00000000    0.11258454  0.00000000

     Dynamical  Matrix in cartesian axes

     q = (    0.333333333   0.750000000   0.083333333 ) 

    1    1
  0.11258454  0.00000000    0.05743332  0.00000000   -0.01435235  0.00000000
  0.05743332  0.00000000    0.10705677  0.00000000    0.00839921  0.00000000
 -0.01435235  0.00000000    0.00839921  0.00000000    0.10391823  0.00000000

     Dynamical  Matrix in cartesian axes

     q = (    0.333333333  -0.750000000  -0.083333333 ) 

    1    1
  0.11258454  0.00000000   -0.05743332  0.00000000    0.01435235  0.00000000
 -0.05743332  0.00000000    0.10705677  0.00000000    0.00839921  0.00000000
  0.01435235  0.00000000    0.00839921  0.00000000    0.10391823  0.00000000

     Dynamical  Matrix in cartesian axes

     q = (   -0.333333333  -0.750000000   0.083333333 ) 

    1    1
  0.11258454  0.00000000    0.05743332  0.00000000    0.01435235  0.00000000
  0.05743332  0.00000000    0.10705677  0.00000000   -0.00839921  0.00000000
  0.01435235  0.00000000   -0.00839921  0.00000000    0.10391823  0.00000000

     Dynamical  Matrix in cartesian axes

     q = (    0.750000000  -0.333333333  -0.083333333 ) 

    1    1
  0.10705677  0.00000000   -0.05743332  0.00000000   -0.00839921  0.00000000
 -0.05743332  0.00000000    0.11258454  0.00000000   -0.01435235  0.00000000
 -0.00839921  0.00000000   -0.01435235  0.00000000    0.10391823  0.00000000

     Dynamical  Matrix in cartesian axes

     q = (   -0.750000000   0.083333333  -0.333333333 ) 

    1    1
  0.10705677  0.00000000   -0.00839921  0.00000000    0.05743332  0.00000000
 -0.00839921  0.00000000    0.10391823  0.00000000    0.01435235  0.00000000
  0.05743332  0.00000000    0.01435235  0.00000000    0.11258454  0.00000000

     Dynamical  Matrix in cartesian axes

     q = (    0.083333333   0.333333333   0.750000000 ) 

    1    1
  0.10391823  0.00000000   -0.01435235  0.00000000    0.00839921  0.00000000
 -0.01435235  0.00000000    0.11258454  0.00000000    0.05743332  0.00000000
  0.00839921  0.00000000    0.05743332  0.00000000    0.10705677  0.00000000

     Dynamical  Matrix in cartesian axes

     q = (    0.083333333  -0.333333333  -0.750000000 ) 

    1    1
  0.10391823  0.00000000    0.01435235  0.00000000   -0.00839921  0.00000000
  0.01435235  0.00000000    0.11258454  0.00000000    0.05743332  0.00000000
 -0.00839921  0.00000000    0.05743332  0.00000000    0.10705677  0.00000000

     Dynamical  Matrix in cartesian axes

     q = (   -0.750000000   0.083333333   0.333333333 ) 

    1    1
  0.10705677  0.00000000   -0.00839921  0.00000000   -0.05743332  0.00000000
 -0.00839921  0.00000000    0.10391823  0.00000000   -0.01435235  0.00000000
 -0.05743332  0.00000000   -0.01435235  0.00000000    0.11258454  0.00000000

     Dynamical  Matrix in cartesian axes

     q = (   -0.083333333   0.750000000   0.333333333 ) 

    1    1
  0.10391823  0.00000000   -0.00839921  0.00000000    0.01435235  0.00000000
 -0.00839921  0.00000000    0.10705677  0.00000000    0.05743332  0.00000000
  0.01435235  0.00000000    0.05743332  0.00000000    0.11258454  0.00000000

     Dynamical  Matrix in cartesian axes

     q = (   -0.083333333  -0.750000000   0.333333333 ) 

    1    1
  0.10391823  0.00000000    0.00839921  0.00000000    0.01435235  0.00000000
  0.00839921  0.00000000    0.10705677  0.00000000   -0.05743332  0.00000000
  0.01435235  0.00000000   -0.05743332  0.00000000    0.11258454  0.00000000

     Dynamical  Matrix in cartesian axes

     q = (   -0.333333333  -0.083333333   0.750000000 ) 

    1    1
  0.11258454  0.00000000   -0.01435235  0.00000000   -0.05743332  0.00000000
 -0.01435235  0.00000000    0.10391823  0.00000000   -0.00839921  0.00000000
 -0.05743332  0.00000000   -0.00839921  0.00000000    0.10705677  0.00000000

     Dynamical  Matrix in cartesian axes

     q = (   -0.083333333  -0.333333333  -0.750000000 ) 

    1    1
  0.10391823  0.00000000   -0.01435235  0.00000000    0.00839921  0.00000000
 -0.01435235  0.00000000    0.11258454  0.00000000    0.05743332  0.00000000
  0.00839921  0.00000000    0.05743332  0.00000000    0.10705677  0.00000000

     Dynamical  Matrix in cartesian axes

     q = (   -0.333333333   0.750000000  -0.083333333 ) 

    1    1
  0.11258454  0.00000000   -0.05743332  0.00000000   -0.01435235  0.00000000
 -0.05743332  0.00000000    0.10705677  0.00000000   -0.00839921  0.00000000
 -0.01435235  0.00000000   -0.00839921  0.00000000    0.10391823  0.00000000

     Dynamical  Matrix in cartesian axes

     q = (   -0.083333333   0.333333333   0.750000000 ) 

    1    1
  0.10391823  0.00000000    0.01435235  0.00000000   -0.00839921  0.00000000
  0.01435235  0.00000000    0.11258454  0.00000000    0.05743332  0.00000000
 -0.00839921  0.00000000    0.05743332  0.00000000    0.10705677  0.00000000

     Dynamical  Matrix in cartesian axes

     q = (    0.083333333   0.333333333  -0.750000000 ) 

    1    1
  0.10391823  0.00000000   -0.01435235  0.00000000   -0.00839921  0.00000000
 -0.01435235  0.00000000    0.11258454  0.00000000   -0.05743332  0.00000000
 -0.00839921  0.00000000   -0.05743332  0.00000000    0.10705677  0.00000000

     Dynamical  Matrix in cartesian axes

     q = (   -0.750000000  -0.333333333   0.083333333 ) 

    1    1
  0.10705677  0.00000000    0.05743332  0.00000000   -0.00839921  0.00000000
  0.05743332  0.00000000    0.11258454  0.00000000    0.01435235  0.00000000
 -0.00839921  0.00000000    0.01435235  0.00000000    0.10391823  0.00000000

     Dynamical  Matrix in cartesian axes

     q = (    0.083333333  -0.750000000   0.333333333 ) 

    1    1
  0.10391823  0.00000000   -0.00839921  0.00000000   -0.01435235  0.00000000
 -0.00839921  0.00000000    0.10705677  0.00000000   -0.05743332  0.00000000
 -0.01435235  0.00000000   -0.05743332  0.00000000    0.11258454  0.00000000

     Dynamical  Matrix in cartesian axes

     q = (    0.750000000   0.333333333   0.083333333 ) 

    1    1
  0.10705677  0.00000000    0.05743332  0.00000000    0.00839921  0.00000000
  0.05743332  0.00000000    0.11258454  0.00000000   -0.01435235  0.00000000
  0.00839921  0.00000000   -0.01435235  0.00000000    0.10391823  0.00000000

     Dynamical  Matrix in cartesian axes

     q = (   -0.333333333  -0.750000000  -0.083333333 ) 

    1    1
  0.11258454  0.00000000    0.05743332  0.00000000   -0.01435235  0.00000000
  0.05743332  0.00000000    0.10705677  0.00000000    0.00839921  0.00000000
 -0.01435235  0.00000000    0.00839921  0.00000000    0.10391823  0.00000000

     Dynamical  Matrix in cartesian axes

     q = (    0.333333333  -0.750000000   0.083333333 ) 

    1    1
  0.11258454  0.00000000   -0.05743332  0.00000000   -0.01435235  0.00000000
 -0.05743332  0.00000000    0.10705677  0.00000000   -0.00839921  0.00000000
 -0.01435235  0.00000000   -0.00839921  0.00000000    0.10391823  0.00000000

     Dynamical  Matrix in cartesian axes

     q = (   -0.333333333   0.750000000   0.083333333 ) 

    1    1
  0.11258454  0.00000000   -0.05743332  0.00000000    0.01435235  0.00000000
 -0.05743332  0.00000000    0.10705677  0.00000000    0.00839921  0.00000000
  0.01435235  0.00000000    0.00839921  0.00000000    0.10391823  0.00000000

     Dynamical  Matrix in cartesian axes

     q = (    0.333333333   0.750000000  -0.083333333 ) 

    1    1
  0.11258454  0.00000000    0.05743332  0.00000000    0.01435235  0.00000000
  0.05743332  0.00000000    0.10705677  0.00000000   -0.00839921  0.00000000
  0.01435235  0.00000000   -0.00839921  0.00000000    0.10391823  0.00000000

     Dynamical  Matrix in cartesian axes

     q = (    0.750000000  -0.083333333   0.333333333 ) 

    1    1
  0.10705677  0.00000000   -0.00839921  0.00000000    0.05743332  0.00000000
 -0.00839921  0.00000000    0.10391823  0.00000000    0.01435235  0.00000000
  0.05743332  0.00000000    0.01435235  0.00000000    0.11258454  0.00000000

     Dynamical  Matrix in cartesian axes

     q = (   -0.750000000   0.333333333   0.083333333 ) 

    1    1
  0.10705677  0.00000000   -0.05743332  0.00000000   -0.00839921  0.00000000
 -0.05743332  0.00000000    0.11258454  0.00000000   -0.01435235  0.00000000
 -0.00839921  0.00000000   -0.01435235  0.00000000    0.10391823  0.00000000

     Dynamical  Matrix in cartesian axes

     q = (    0.750000000   0.333333333  -0.083333333 ) 

    1    1
  0.10705677  0.00000000    0.05743332  0.00000000   -0.00839921  0.00000000
  0.05743332  0.00000000    0.11258454  0.00000000    0.01435235  0.00000000
 -0.00839921  0.00000000    0.01435235  0.00000000    0.10391823  0.00000000

     Dynamical  Matrix in cartesian axes

     q = (   -0.750000000  -0.333333333  -0.083333333 ) 

    1    1
  0.10705677  0.00000000    0.05743332  0.00000000    0.00839921  0.00000000
  0.05743332  0.00000000    0.11258454  0.00000000   -0.01435235  0.00000000
  0.00839921  0.00000000   -0.01435235  0.00000000    0.10391823  0.00000000

     Dynamical  Matrix in cartesian axes

     q = (    0.750000000  -0.333333333   0.083333333 ) 

    1    1
  0.10705677  0.00000000   -0.05743332  0.00000000    0.00839921  0.00000000
 -0.05743332  0.00000000    0.11258454  0.00000000    0.01435235  0.00000000
  0.00839921  0.00000000    0.01435235  0.00000000    0.10391823  0.00000000

     Dynamical  Matrix in cartesian axes

     q = (    0.333333333   0.083333333  -0.750000000 ) 

    1    1
  0.11258454  0.00000000   -0.01435235  0.00000000   -0.05743332  0.00000000
 -0.01435235  0.00000000    0.10391823  0.00000000   -0.00839921  0.00000000
 -0.05743332  0.00000000   -0.00839921  0.00000000    0.10705677  0.00000000

     Dynamical  Matrix in cartesian axes

     q = (    0.333333333  -0.083333333   0.750000000 ) 

    1    1
  0.11258454  0.00000000    0.01435235  0.00000000    0.05743332  0.00000000
  0.01435235  0.00000000    0.10391823  0.00000000   -0.00839921  0.00000000
  0.05743332  0.00000000   -0.00839921  0.00000000    0.10705677  0.00000000

     Dynamical  Matrix in cartesian axes

     q = (   -0.333333333  -0.083333333  -0.750000000 ) 

    1    1
  0.11258454  0.00000000   -0.01435235  0.00000000    0.05743332  0.00000000
 -0.01435235  0.00000000    0.10391823  0.00000000    0.00839921  0.00000000
  0.05743332  0.00000000    0.00839921  0.00000000    0.10705677  0.00000000

     Dynamical  Matrix in cartesian axes

     q = (   -0.333333333   0.083333333   0.750000000 ) 

    1    1
  0.11258454  0.00000000    0.01435235  0.00000000   -0.05743332  0.00000000
  0.01435235  0.00000000    0.10391823  0.00000000    0.00839921  0.00000000
 -0.05743332  0.00000000    0.00839921  0.00000000    0.10705677  0.00000000

     Diagonalizing the dynamical matrix

     q = (   -0.083333333   0.750000000  -0.333333333 ) 

 **************************************************************************
     freq (    1) =       4.584561 [THz] =     152.924492 [cm-1]
 ( -0.274495  0.000000 -0.688776  0.000000 -0.671000  0.000000 ) 
     freq (    2) =       6.898604 [THz] =     230.112647 [cm-1]
 (  0.958701  0.000000 -0.250067  0.000000 -0.135497  0.000000 ) 
     freq (    3) =       8.589983 [THz] =     286.530984 [cm-1]
 (  0.074467  0.000000  0.680481  0.000000 -0.728972  0.000000 ) 
 **************************************************************************
