Dynamical matrix file
                                                                           
  1    1  3  6.1240000  0.0000000  0.0000000  0.0000000  0.0000000  0.0000000
           1  'Al  '    24592.588541212976     
    1    1      0.0000000000      0.0000000000      0.0000000000

     Dynamical  Matrix in cartesian axes

     q = (    0.500000000  -0.583333333   0.250000000 ) 

    1    1
  0.07848094  0.00000000   -0.07220958  0.00000000   -0.01931869  0.00000000
 -0.07220958  0.00000000    0.07794230  0.00000000    0.00222361  0.00000000
 -0.01931869  0.00000000    0.00222361  0.00000000    0.07620549  0.00000000

     Dynamical  Matrix in cartesian axes

     q = (    0.583333333  -0.500000000   0.250000000 ) 

    1    1
  0.07794230  0.00000000   -0.07220958  0.00000000   -0.00222361  0.00000000
 -0.07220958  0.00000000    0.07848094  0.00000000    0.01931869  0.00000000
 -0.00222361  0.00000000    0.01931869  0.00000000    0.07620549  0.00000000

     Dynamical  Matrix in cartesian axes

     q = (   -0.500000000   0.583333333   0.250000000 ) 

    1    1
  0.07848094  0.00000000   -0.07220958  0.00000000    0.01931869  0.00000000
 -0.07220958  0.00000000    0.07794230  0.00000000   -0.00222361  0.00000000
  0.01931869  0.00000000   -0.00222361  0.00000000    0.07620549  0.00000000

     Dynamical  Matrix in cartesian axes

     q = (   -0.583333333   0.500000000   0.250000000 ) 

    1    1
  0.07794230  0.00000000   -0.07220958  0.00000000    0.00222361  0.00000000
 -0.07220958  0.00000000    0.07848094  0.00000000   -0.01931869  0.00000000
  0.00222361  0.00000000   -0.01931869  0.00000000    0.07620549  0.00000000

     Dynamical  Matrix in cartesian axes

     q = (   -0.250000000  -0.500000000  -0.583333333 ) 

    1    1
  0.07620549  0.00000000   -0.01931869  0.00000000   -0.00222361  0.00000000
 -0.01931869  0.00000000    0.07848094  0.00000000    0.07220958  0.00000000
 -0.00222361  0.00000000    0.07220958  0.00000000    0.07794230  0.00000000

     Dynamical  Matrix in cartesian axes

     q = (   -0.250000000  -0.583333333  -0.500000000 ) 

    1    1
  0.07620549  0.00000000   -0.00222361  0.00000000   -0.01931869  0.00000000
 -0.00222361  0.00000000    0.07794230  0.00000000    0.07220958  0.00000000
 -0.01931869  0.00000000    0.07220958  0.00000000    0.07848094  0.00000000

     Dynamical  Matrix in cartesian axes

     q = (    0.500000000   0.250000000  -0.583333333 ) 

    1    1
  0.07848094  0.00000000   -0.01931869  0.00000000   -0.07220958  0.00000000
 -0.01931869  0.00000000    0.07620549  0.00000000    0.00222361  0.00000000
 -0.07220958  0.00000000    0.00222361  0.00000000    0.07794230  0.00000000

     Dynamical  Matrix in cartesian axes

     q = (    0.583333333   0.250000000  -0.500000000 ) 

    1    1
  0.07794230  0.00000000   -0.00222361  0.00000000   -0.07220958  0.00000000
 -0.00222361  0.00000000    0.07620549  0.00000000    0.01931869  0.00000000
 -0.07220958  0.00000000    0.01931869  0.00000000    0.07848094  0.00000000

     Dynamical  Matrix in cartesian axes

     q = (    0.583333333  -0.250000000   0.500000000 ) 

    1    1
  0.07794230  0.00000000    0.00222361  0.00000000    0.07220958  0.00000000
  0.00222361  0.00000000    0.07620549  0.00000000    0.01931869  0.00000000
  0.07220958  0.00000000    0.01931869  0.00000000    0.07848094  0.00000000

     Dynamical  Matrix in cartesian axes

     q = (   -0.500000000   0.250000000  -0.583333333 ) 

    1    1
  0.07848094  0.00000000    0.01931869  0.00000000    0.07220958  0.00000000
  0.01931869  0.00000000    0.07620549  0.00000000    0.00222361  0.00000000
  0.07220958  0.00000000    0.00222361  0.00000000    0.07794230  0.00000000

     Dynamical  Matrix in cartesian axes

     q = (    0.250000000  -0.500000000   0.583333333 ) 

    1    1
  0.07620549  0.00000000    0.01931869  0.00000000   -0.00222361  0.00000000
  0.01931869  0.00000000    0.07848094  0.00000000   -0.07220958  0.00000000
 -0.00222361  0.00000000   -0.07220958  0.00000000    0.07794230  0.00000000

     Dynamical  Matrix in cartesian axes

     q = (    0.500000000   0.583333333   0.250000000 ) 

    1    1
  0.07848094  0.00000000    0.07220958  0.00000000   -0.01931869  0.00000000
  0.07220958  0.00000000    0.07794230  0.00000000   -0.00222361  0.00000000
 -0.01931869  0.00000000   -0.00222361  0.00000000    0.07620549  0.00000000

     Dynamical  Matrix in cartesian axes

     q = (   -0.250000000   0.500000000   0.583333333 ) 

    1    1
  0.07620549  0.00000000    0.01931869  0.00000000    0.00222361  0.00000000
  0.01931869  0.00000000    0.07848094  0.00000000    0.07220958  0.00000000
  0.00222361  0.00000000    0.07220958  0.00000000    0.07794230  0.00000000

     Dynamical  Matrix in cartesian axes

     q = (   -0.500000000  -0.583333333  -0.250000000 ) 

    1    1
  0.07848094  0.00000000    0.07220958  0.00000000   -0.01931869  0.00000000
  0.07220958  0.00000000    0.07794230  0.00000000   -0.00222361  0.00000000
 -0.01931869  0.00000000   -0.00222361  0.00000000    0.07620549  0.00000000

     Dynamical  Matrix in cartesian axes

     q = (    0.500000000  -0.250000000   0.583333333 ) 

    1    1
  0.07848094  0.00000000    0.01931869  0.00000000    0.07220958  0.00000000
  0.01931869  0.00000000    0.07620549  0.00000000    0.00222361  0.00000000
  0.07220958  0.00000000    0.00222361  0.00000000    0.07794230  0.00000000

     Dynamical  Matrix in cartesian axes

     q = (    0.583333333   0.500000000  -0.250000000 ) 

    1    1
  0.07794230  0.00000000    0.07220958  0.00000000    0.00222361  0.00000000
  0.07220958  0.00000000    0.07848094  0.00000000    0.01931869  0.00000000
  0.00222361  0.00000000    0.01931869  0.00000000    0.07620549  0.00000000

     Dynamical  Matrix in cartesian axes

     q = (   -0.583333333  -0.500000000  -0.250000000 ) 

    1    1
  0.07794230  0.00000000    0.07220958  0.00000000   -0.00222361  0.00000000
  0.07220958  0.00000000    0.07848094  0.00000000   -0.01931869  0.00000000
 -0.00222361  0.00000000   -0.01931869  0.00000000    0.07620549  0.00000000

     Dynamical  Matrix in cartesian axes

     q = (    0.583333333   0.500000000   0.250000000 ) 

    1    1
  0.07794230  0.00000000    0.07220958  0.00000000   -0.00222361  0.00000000
  0.07220958  0.00000000    0.07848094  0.00000000   -0.01931869  0.00000000
 -0.00222361  0.00000000   -0.01931869  0.00000000    0.07620549  0.00000000

     Dynamical  Matrix in cartesian axes

     q = (   -0.250000000   0.583333333   0.500000000 ) 

    1    1
  0.07620549  0.00000000    0.00222361  0.00000000    0.01931869  0.00000000
  0.00222361  0.00000000    0.07794230  0.00000000    0.07220958  0.00000000
  0.01931869  0.00000000    0.07220958  0.00000000    0.07848094  0.00000000

     Dynamical  Matrix in cartesian axes

     q = (    0.250000000   0.583333333  -0.500000000 ) 

    1    1
  0.07620549  0.00000000   -0.00222361  0.00000000    0.01931869  0.00000000
 -0.00222361  0.00000000    0.07794230  0.00000000   -0.07220958  0.00000000
  0.01931869  0.00000000   -0.07220958  0.00000000    0.07848094  0.00000000

     Dynamical  Matrix in cartesian axes

     q = (   -0.583333333   0.250000000   0.500000000 ) 

    1    1
  0.07794230  0.00000000    0.00222361  0.00000000   -0.07220958  0.00000000
  0.00222361  0.00000000    0.07620549  0.00000000   -0.01931869  0.00000000
 -0.07220958  0.00000000   -0.01931869  0.00000000    0.07848094  0.00000000

     Dynamical  Matrix in cartesian axes

     q = (   -0.583333333  -0.500000000   0.250000000 ) 

    1    1
  0.07794230  0.00000000    0.07220958  0.00000000    0.00222361  0.00000000
  0.07220958  0.00000000    0.07848094  0.00000000    0.01931869  0.00000000
  0.00222361  0.00000000    0.01931869  0.00000000    0.07620549  0.00000000

     Dynamical  Matrix in cartesian axes

     q = (   -0.500000000  -0.250000000  -0.583333333 ) 

    1    1
  0.07848094  0.00000000   -0.01931869  0.00000000    0.07220958  0.00000000
 -0.01931869  0.00000000    0.07620549  0.00000000   -0.00222361  0.00000000
  0.07220958  0.00000000   -0.00222361  0.00000000    0.07794230  0.00000000

     Dynamical  Matrix in cartesian axes

     q = (   -0.500000000   0.250000000   0.583333333 ) 

    1    1
  0.07848094  0.00000000    0.01931869  0.00000000   -0.07220958  0.00000000
  0.01931869  0.00000000    0.07620549  0.00000000   -0.00222361  0.00000000
 -0.07220958  0.00000000   -0.00222361  0.00000000    0.07794230  0.00000000

     Dynamical  Matrix in cartesian axes

     q = (    0.583333333  -0.500000000  -0.250000000 ) 

    1    1
  0.07794230  0.00000000   -0.07220958  0.00000000    0.00222361  0.00000000
 -0.07220958  0.00000000    0.07848094  0.00000000   -0.01931869  0.00000000
  0.00222361  0.00000000   -0.01931869  0.00000000    0.07620549  0.00000000

     Dynamical  Matrix in cartesian axes

     q = (    0.500000000  -0.583333333  -0.250000000 ) 

    1    1
  0.07848094  0.00000000   -0.07220958  0.00000000    0.01931869  0.00000000
 -0.07220958  0.00000000    0.07794230  0.00000000   -0.00222361  0.00000000
  0.01931869  0.00000000   -0.00222361  0.00000000    0.07620549  0.00000000

     Dynamical  Matrix in cartesian axes

     q = (    0.500000000   0.583333333  -0.250000000 ) 

    1    1
  0.07848094  0.00000000    0.07220958  0.00000000    0.01931869  0.00000000
  0.07220958  0.00000000    0.07794230  0.00000000    0.00222361  0.00000000
  0.01931869  0.00000000    0.00222361  0.00000000    0.07620549  0.00000000

     Dynamical  Matrix in cartesian axes

     q = (    0.250000000   0.500000000  -0.583333333 ) 

    1    1
  0.07620549  0.00000000   -0.01931869  0.00000000    0.00222361  0.00000000
 -0.01931869  0.00000000    0.07848094  0.00000000   -0.07220958  0.00000000
  0.00222361  0.00000000   -0.07220958  0.00000000    0.07794230  0.00000000

     Dynamical  Matrix in cartesian axes

     q = (    0.500000000   0.250000000   0.583333333 ) 

    1    1
  0.07848094  0.00000000   -0.01931869  0.00000000    0.07220958  0.00000000
 -0.01931869  0.00000000    0.07620549  0.00000000   -0.00222361  0.00000000
  0.07220958  0.00000000   -0.00222361  0.00000000    0.07794230  0.00000000

     Dynamical  Matrix in cartesian axes

     q = (    0.250000000  -0.583333333   0.500000000 ) 

    1    1
  0.07620549  0.00000000    0.00222361  0.00000000   -0.01931869  0.00000000
  0.00222361  0.00000000    0.07794230  0.00000000   -0.07220958  0.00000000
 -0.01931869  0.00000000   -0.07220958  0.00000000    0.07848094  0.00000000

     Dynamical  Matrix in cartesian axes

     q = (    0.500000000  -0.250000000  -0.583333333 ) 

    1    1
  0.07848094  0.00000000    0.01931869  0.00000000   -0.07220958  0.00000000
  0.01931869  0.00000000    0.07620549  0.00000000   -0.00222361  0.00000000
 -0.07220958  0.00000000   -0.00222361  0.00000000    0.07794230  0.00000000

     Dynamical  Matrix in cartesian axes

     q = (   -0.500000000  -0.250000000   0.583333333 ) 

    1    1
  0.07848094  0.00000000   -0.01931869  0.00000000   -0.07220958  0.00000000
 -0.01931869  0.00000000    0.07620549  0.00000000    0.00222361  0.00000000
 -0.07220958  0.00000000    0.00222361  0.00000000    0.07794230  0.00000000

     Dynamical  Matrix in cartesian axes

     q = (   -0.500000000  -0.583333333   0.250000000 ) 

    1    1
  0.07848094  0.00000000    0.07220958  0.00000000    0.01931869  0.00000000
  0.07220958  0.00000000    0.07794230  0.00000000    0.00222361  0.00000000
  0.01931869  0.00000000    0.00222361  0.00000000    0.07620549  0.00000000

     Dynamical  Matrix in cartesian axes

     q = (   -0.500000000   0.583333333  -0.250000000 ) 

    1    1
  0.07848094  0.00000000   -0.07220958  0.00000000   -0.01931869  0.00000000
 -0.07220958  0.00000000    0.07794230  0.00000000    0.00222361  0.00000000
 -0.01931869  0.00000000    0.00222361  0.00000000    0.07620549  0.00000000

     Dynamical  Matrix in cartesian axes

     q = (   -0.583333333  -0.250000000  -0.500000000 ) 

    1    1
  0.07794230  0.00000000   -0.00222361  0.00000000    0.07220958  0.00000000
 -0.00222361  0.00000000    0.07620549  0.00000000   -0.01931869  0.00000000
  0.07220958  0.00000000   -0.01931869  0.00000000    0.07848094  0.00000000

     Dynamical  Matrix in cartesian axes

     q = (    0.250000000   0.583333333   0.500000000 ) 

    1    1
  0.07620549  0.00000000   -0.00222361  0.00000000   -0.01931869  0.00000000
 -0.00222361  0.00000000    0.07794230  0.00000000    0.07220958  0.00000000
 -0.01931869  0.00000000    0.07220958  0.00000000    0.07848094  0.00000000

     Dynamical  Matrix in cartesian axes

     q = (   -0.250000000   0.583333333  -0.500000000 ) 

    1    1
  0.07620549  0.00000000    0.00222361  0.00000000   -0.01931869  0.00000000
  0.00222361  0.00000000    0.07794230  0.00000000   -0.07220958  0.00000000
 -0.01931869  0.00000000   -0.07220958  0.00000000    0.07848094  0.00000000

     Dynamical  Matrix in cartesian axes

     q = (    0.250000000  -0.583333333  -0.500000000 ) 

    1    1
  0.07620549  0.00000000    0.00222361  0.00000000    0.01931869  0.00000000
  0.00222361  0.00000000    0.07794230  0.00000000    0.07220958  0.00000000
  0.01931869  0.00000000    0.07220958  0.00000000    0.07848094  0.00000000

     Dynamical  Matrix in cartesian axes

     q = (   -0.250000000  -0.583333333   0.500000000 ) 

    1    1
  0.07620549  0.00000000   -0.00222361  0.00000000    0.01931869  0.00000000
 -0.00222361  0.00000000    0.07794230  0.00000000   -0.07220958  0.00000000
  0.01931869  0.00000000   -0.07220958  0.00000000    0.07848094  0.00000000

     Dynamical  Matrix in cartesian axes

     q = (   -0.583333333   0.500000000  -0.250000000 ) 

    1    1
  0.07794230  0.00000000   -0.07220958  0.00000000   -0.00222361  0.00000000
 -0.07220958  0.00000000    0.07848094  0.00000000    0.01931869  0.00000000
 -0.00222361  0.00000000    0.01931869  0.00000000    0.07620549  0.00000000

     Dynamical  Matrix in cartesian axes

     q = (    0.583333333  -0.250000000  -0.500000000 ) 

    1    1
  0.07794230  0.00000000    0.00222361  0.00000000   -0.07220958  0.00000000
  0.00222361  0.00000000    0.07620549  0.00000000   -0.01931869  0.00000000
 -0.07220958  0.00000000   -0.01931869  0.00000000    0.07848094  0.00000000

     Dynamical  Matrix in cartesian axes

     q = (   -0.583333333  -0.250000000   0.500000000 ) 

    1    1
  0.07794230  0.00000000   -0.00222361  0.00000000   -0.07220958  0.00000000
 -0.00222361  0.00000000    0.07620549  0.00000000    0.01931869  0.00000000
 -0.07220958  0.00000000    0.01931869  0.00000000    0.07848094  0.00000000

     Dynamical  Matrix in cartesian axes

     q = (    0.583333333   0.250000000   0.500000000 ) 

    1    1
  0.07794230  0.00000000   -0.00222361  0.00000000    0.07220958  0.00000000
 -0.00222361  0.00000000    0.07620549  0.00000000   -0.01931869  0.00000000
  0.07220958  0.00000000   -0.01931869  0.00000000    0.07848094  0.00000000

     Dynamical  Matrix in cartesian axes

     q = (   -0.583333333   0.250000000  -0.500000000 ) 

    1    1
  0.07794230  0.00000000    0.00222361  0.00000000    0.07220958  0.00000000
  0.00222361  0.00000000    0.07620549  0.00000000    0.01931869  0.00000000
  0.07220958  0.00000000    0.01931869  0.00000000    0.07848094  0.00000000

     Dynamical  Matrix in cartesian axes

     q = (   -0.250000000  -0.500000000   0.583333333 ) 

    1    1
  0.07620549  0.00000000   -0.01931869  0.00000000    0.00222361  0.00000000
 -0.01931869  0.00000000    0.07848094  0.00000000   -0.07220958  0.00000000
  0.00222361  0.00000000   -0.07220958  0.00000000    0.07794230  0.00000000

     Dynamical  Matrix in cartesian axes

     q = (   -0.250000000   0.500000000  -0.583333333 ) 

    1    1
  0.07620549  0.00000000    0.01931869  0.00000000   -0.00222361  0.00000000
  0.01931869  0.00000000    0.07848094  0.00000000   -0.07220958  0.00000000
 -0.00222361  0.00000000   -0.07220958  0.00000000    0.07794230  0.00000000

     Dynamical  Matrix in cartesian axes

     q = (    0.250000000   0.500000000   0.583333333 ) 

    1    1
  0.07620549  0.00000000   -0.01931869  0.00000000   -0.00222361  0.00000000
 -0.01931869  0.00000000    0.07848094  0.00000000    0.07220958  0.00000000
 -0.00222361  0.00000000    0.07220958  0.00000000    0.07794230  0.00000000

     Dynamical  Matrix in cartesian axes

     q = (    0.250000000  -0.500000000  -0.583333333 ) 

    1    1
  0.07620549  0.00000000    0.01931869  0.00000000    0.00222361  0.00000000
  0.01931869  0.00000000    0.07848094  0.00000000    0.07220958  0.00000000
  0.00222361  0.00000000    0.07220958  0.00000000    0.07794230  0.00000000

     Diagonalizing the dynamical matrix

     q = (    0.500000000  -0.583333333   0.250000000 ) 

 **************************************************************************
     freq (    1) =       1.317421 [THz] =      43.944418 [cm-1]
 (  0.708032  0.000000  0.685861  0.000000  0.168182  0.000000 ) 
     freq (    2) =       5.753311 [THz] =     191.909810 [cm-1]
 ( -0.020012  0.000000  0.257550  0.000000 -0.966058  0.000000 ) 
     freq (    3) =       8.218419 [THz] =     274.136951 [cm-1]
 ( -0.705896  0.000000  0.680634  0.000000  0.196079  0.000000 ) 
 **************************************************************************
