Dynamical matrix file
                                                                           
  1    1  3  6.1240000  0.0000000  0.0000000  0.0000000  0.0000000  0.0000000
           1  'Al  '    24592.588541212976     
    1    1      0.0000000000      0.0000000000      0.0000000000

     Dynamical  Matrix in cartesian axes

     q = (   -0.083333333  -0.166666667   0.250000000 ) 

    1    1
  0.02838811  0.00000000    0.00929044  0.00000000   -0.01657898  0.00000000
  0.00929044  0.00000000    0.02925646  0.00000000   -0.03618764  0.00000000
 -0.01657898  0.00000000   -0.03618764  0.00000000    0.03042321  0.00000000

     Dynamical  Matrix in cartesian axes

     q = (   -0.166666667  -0.083333333   0.250000000 ) 

    1    1
  0.02925646  0.00000000    0.00929044  0.00000000   -0.03618764  0.00000000
  0.00929044  0.00000000    0.02838811  0.00000000   -0.01657898  0.00000000
 -0.03618764  0.00000000   -0.01657898  0.00000000    0.03042321  0.00000000

     Dynamical  Matrix in cartesian axes

     q = (    0.083333333  -0.250000000   0.166666667 ) 

    1    1
  0.02838811  0.00000000   -0.01657898  0.00000000    0.00929044  0.00000000
 -0.01657898  0.00000000    0.03042321  0.00000000   -0.03618764  0.00000000
  0.00929044  0.00000000   -0.03618764  0.00000000    0.02925646  0.00000000

     Dynamical  Matrix in cartesian axes

     q = (   -0.083333333  -0.250000000   0.166666667 ) 

    1    1
  0.02838811  0.00000000    0.01657898  0.00000000   -0.00929044  0.00000000
  0.01657898  0.00000000    0.03042321  0.00000000   -0.03618764  0.00000000
 -0.00929044  0.00000000   -0.03618764  0.00000000    0.02925646  0.00000000

     Dynamical  Matrix in cartesian axes

     q = (   -0.083333333   0.166666667  -0.250000000 ) 

    1    1
  0.02838811  0.00000000   -0.00929044  0.00000000    0.01657898  0.00000000
 -0.00929044  0.00000000    0.02925646  0.00000000   -0.03618764  0.00000000
  0.01657898  0.00000000   -0.03618764  0.00000000    0.03042321  0.00000000

     Dynamical  Matrix in cartesian axes

     q = (   -0.083333333   0.250000000  -0.166666667 ) 

    1    1
  0.02838811  0.00000000   -0.01657898  0.00000000    0.00929044  0.00000000
 -0.01657898  0.00000000    0.03042321  0.00000000   -0.03618764  0.00000000
  0.00929044  0.00000000   -0.03618764  0.00000000    0.02925646  0.00000000

     Dynamical  Matrix in cartesian axes

     q = (    0.083333333   0.250000000  -0.166666667 ) 

    1    1
  0.02838811  0.00000000    0.01657898  0.00000000   -0.00929044  0.00000000
  0.01657898  0.00000000    0.03042321  0.00000000   -0.03618764  0.00000000
 -0.00929044  0.00000000   -0.03618764  0.00000000    0.02925646  0.00000000

     Dynamical  Matrix in cartesian axes

     q = (    0.083333333   0.166666667  -0.250000000 ) 

    1    1
  0.02838811  0.00000000    0.00929044  0.00000000   -0.01657898  0.00000000
  0.00929044  0.00000000    0.02925646  0.00000000   -0.03618764  0.00000000
 -0.01657898  0.00000000   -0.03618764  0.00000000    0.03042321  0.00000000

     Dynamical  Matrix in cartesian axes

     q = (    0.166666667  -0.250000000  -0.083333333 ) 

    1    1
  0.02925646  0.00000000   -0.03618764  0.00000000   -0.00929044  0.00000000
 -0.03618764  0.00000000    0.03042321  0.00000000    0.01657898  0.00000000
 -0.00929044  0.00000000    0.01657898  0.00000000    0.02838811  0.00000000

     Dynamical  Matrix in cartesian axes

     q = (    0.166666667   0.250000000   0.083333333 ) 

    1    1
  0.02925646  0.00000000    0.03618764  0.00000000    0.00929044  0.00000000
  0.03618764  0.00000000    0.03042321  0.00000000    0.01657898  0.00000000
  0.00929044  0.00000000    0.01657898  0.00000000    0.02838811  0.00000000

     Dynamical  Matrix in cartesian axes

     q = (    0.250000000   0.083333333   0.166666667 ) 

    1    1
  0.03042321  0.00000000    0.01657898  0.00000000    0.03618764  0.00000000
  0.01657898  0.00000000    0.02838811  0.00000000    0.00929044  0.00000000
  0.03618764  0.00000000    0.00929044  0.00000000    0.02925646  0.00000000

     Dynamical  Matrix in cartesian axes

     q = (   -0.083333333   0.166666667   0.250000000 ) 

    1    1
  0.02838811  0.00000000   -0.00929044  0.00000000   -0.01657898  0.00000000
 -0.00929044  0.00000000    0.02925646  0.00000000    0.03618764  0.00000000
 -0.01657898  0.00000000    0.03618764  0.00000000    0.03042321  0.00000000

     Dynamical  Matrix in cartesian axes

     q = (   -0.250000000  -0.083333333   0.166666667 ) 

    1    1
  0.03042321  0.00000000    0.01657898  0.00000000   -0.03618764  0.00000000
  0.01657898  0.00000000    0.02838811  0.00000000   -0.00929044  0.00000000
 -0.03618764  0.00000000   -0.00929044  0.00000000    0.02925646  0.00000000

     Dynamical  Matrix in cartesian axes

     q = (    0.083333333  -0.166666667  -0.250000000 ) 

    1    1
  0.02838811  0.00000000   -0.00929044  0.00000000   -0.01657898  0.00000000
 -0.00929044  0.00000000    0.02925646  0.00000000    0.03618764  0.00000000
 -0.01657898  0.00000000    0.03618764  0.00000000    0.03042321  0.00000000

     Dynamical  Matrix in cartesian axes

     q = (   -0.166666667   0.250000000  -0.083333333 ) 

    1    1
  0.02925646  0.00000000   -0.03618764  0.00000000    0.00929044  0.00000000
 -0.03618764  0.00000000    0.03042321  0.00000000   -0.01657898  0.00000000
  0.00929044  0.00000000   -0.01657898  0.00000000    0.02838811  0.00000000

     Dynamical  Matrix in cartesian axes

     q = (    0.166666667  -0.083333333  -0.250000000 ) 

    1    1
  0.02925646  0.00000000   -0.00929044  0.00000000   -0.03618764  0.00000000
 -0.00929044  0.00000000    0.02838811  0.00000000    0.01657898  0.00000000
 -0.03618764  0.00000000    0.01657898  0.00000000    0.03042321  0.00000000

     Dynamical  Matrix in cartesian axes

     q = (   -0.166666667   0.083333333  -0.250000000 ) 

    1    1
  0.02925646  0.00000000   -0.00929044  0.00000000    0.03618764  0.00000000
 -0.00929044  0.00000000    0.02838811  0.00000000   -0.01657898  0.00000000
  0.03618764  0.00000000   -0.01657898  0.00000000    0.03042321  0.00000000

     Dynamical  Matrix in cartesian axes

     q = (   -0.250000000   0.083333333  -0.166666667 ) 

    1    1
  0.03042321  0.00000000   -0.01657898  0.00000000    0.03618764  0.00000000
 -0.01657898  0.00000000    0.02838811  0.00000000   -0.00929044  0.00000000
  0.03618764  0.00000000   -0.00929044  0.00000000    0.02925646  0.00000000

     Dynamical  Matrix in cartesian axes

     q = (   -0.250000000   0.166666667  -0.083333333 ) 

    1    1
  0.03042321  0.00000000   -0.03618764  0.00000000    0.01657898  0.00000000
 -0.03618764  0.00000000    0.02925646  0.00000000   -0.00929044  0.00000000
  0.01657898  0.00000000   -0.00929044  0.00000000    0.02838811  0.00000000

     Dynamical  Matrix in cartesian axes

     q = (    0.250000000   0.166666667   0.083333333 ) 

    1    1
  0.03042321  0.00000000    0.03618764  0.00000000    0.01657898  0.00000000
  0.03618764  0.00000000    0.02925646  0.00000000    0.00929044  0.00000000
  0.01657898  0.00000000    0.00929044  0.00000000    0.02838811  0.00000000

     Dynamical  Matrix in cartesian axes

     q = (    0.083333333  -0.166666667   0.250000000 ) 

    1    1
  0.02838811  0.00000000   -0.00929044  0.00000000    0.01657898  0.00000000
 -0.00929044  0.00000000    0.02925646  0.00000000   -0.03618764  0.00000000
  0.01657898  0.00000000   -0.03618764  0.00000000    0.03042321  0.00000000

     Dynamical  Matrix in cartesian axes

     q = (   -0.250000000  -0.166666667   0.083333333 ) 

    1    1
  0.03042321  0.00000000    0.03618764  0.00000000   -0.01657898  0.00000000
  0.03618764  0.00000000    0.02925646  0.00000000   -0.00929044  0.00000000
 -0.01657898  0.00000000   -0.00929044  0.00000000    0.02838811  0.00000000

     Dynamical  Matrix in cartesian axes

     q = (    0.083333333  -0.250000000  -0.166666667 ) 

    1    1
  0.02838811  0.00000000   -0.01657898  0.00000000   -0.00929044  0.00000000
 -0.01657898  0.00000000    0.03042321  0.00000000    0.03618764  0.00000000
 -0.00929044  0.00000000    0.03618764  0.00000000    0.02925646  0.00000000

     Dynamical  Matrix in cartesian axes

     q = (    0.083333333   0.250000000   0.166666667 ) 

    1    1
  0.02838811  0.00000000    0.01657898  0.00000000    0.00929044  0.00000000
  0.01657898  0.00000000    0.03042321  0.00000000    0.03618764  0.00000000
  0.00929044  0.00000000    0.03618764  0.00000000    0.02925646  0.00000000

     Dynamical  Matrix in cartesian axes

     q = (    0.166666667   0.083333333  -0.250000000 ) 

    1    1
  0.02925646  0.00000000    0.00929044  0.00000000   -0.03618764  0.00000000
  0.00929044  0.00000000    0.02838811  0.00000000   -0.01657898  0.00000000
 -0.03618764  0.00000000   -0.01657898  0.00000000    0.03042321  0.00000000

     Dynamical  Matrix in cartesian axes

     q = (   -0.083333333  -0.166666667  -0.250000000 ) 

    1    1
  0.02838811  0.00000000    0.00929044  0.00000000    0.01657898  0.00000000
  0.00929044  0.00000000    0.02925646  0.00000000    0.03618764  0.00000000
  0.01657898  0.00000000    0.03618764  0.00000000    0.03042321  0.00000000

     Dynamical  Matrix in cartesian axes

     q = (    0.250000000  -0.083333333  -0.166666667 ) 

    1    1
  0.03042321  0.00000000   -0.01657898  0.00000000   -0.03618764  0.00000000
 -0.01657898  0.00000000    0.02838811  0.00000000    0.00929044  0.00000000
 -0.03618764  0.00000000    0.00929044  0.00000000    0.02925646  0.00000000

     Dynamical  Matrix in cartesian axes

     q = (    0.166666667  -0.083333333   0.250000000 ) 

    1    1
  0.02925646  0.00000000   -0.00929044  0.00000000    0.03618764  0.00000000
 -0.00929044  0.00000000    0.02838811  0.00000000   -0.01657898  0.00000000
  0.03618764  0.00000000   -0.01657898  0.00000000    0.03042321  0.00000000

     Dynamical  Matrix in cartesian axes

     q = (   -0.083333333   0.250000000   0.166666667 ) 

    1    1
  0.02838811  0.00000000   -0.01657898  0.00000000   -0.00929044  0.00000000
 -0.01657898  0.00000000    0.03042321  0.00000000    0.03618764  0.00000000
 -0.00929044  0.00000000    0.03618764  0.00000000    0.02925646  0.00000000

     Dynamical  Matrix in cartesian axes

     q = (   -0.166666667   0.083333333   0.250000000 ) 

    1    1
  0.02925646  0.00000000   -0.00929044  0.00000000   -0.03618764  0.00000000
 -0.00929044  0.00000000    0.02838811  0.00000000    0.01657898  0.00000000
 -0.03618764  0.00000000    0.01657898  0.00000000    0.03042321  0.00000000

     Dynamical  Matrix in cartesian axes

     q = (   -0.083333333  -0.250000000  -0.166666667 ) 

    1    1
  0.02838811  0.00000000    0.01657898  0.00000000    0.00929044  0.00000000
  0.01657898  0.00000000    0.03042321  0.00000000    0.03618764  0.00000000
  0.00929044  0.00000000    0.03618764  0.00000000    0.02925646  0.00000000

     Dynamical  Matrix in cartesian axes

     q = (    0.250000000  -0.166666667  -0.083333333 ) 

    1    1
  0.03042321  0.00000000   -0.03618764  0.00000000   -0.01657898  0.00000000
 -0.03618764  0.00000000    0.02925646  0.00000000    0.00929044  0.00000000
 -0.01657898  0.00000000    0.00929044  0.00000000    0.02838811  0.00000000

     Dynamical  Matrix in cartesian axes

     q = (    0.083333333   0.166666667   0.250000000 ) 

    1    1
  0.02838811  0.00000000    0.00929044  0.00000000    0.01657898  0.00000000
  0.00929044  0.00000000    0.02925646  0.00000000    0.03618764  0.00000000
  0.01657898  0.00000000    0.03618764  0.00000000    0.03042321  0.00000000

     Dynamical  Matrix in cartesian axes

     q = (    0.166666667   0.083333333   0.250000000 ) 

    1    1
  0.02925646  0.00000000    0.00929044  0.00000000    0.03618764  0.00000000
  0.00929044  0.00000000    0.02838811  0.00000000    0.01657898  0.00000000
  0.03618764  0.00000000    0.01657898  0.00000000    0.03042321  0.00000000

     Dynamical  Matrix in cartesian axes

     q = (   -0.166666667  -0.250000000   0.083333333 ) 

    1    1
  0.02925646  0.00000000    0.03618764  0.00000000   -0.00929044  0.00000000
  0.03618764  0.00000000    0.03042321  0.00000000   -0.01657898  0.00000000
 -0.00929044  0.00000000   -0.01657898  0.00000000    0.02838811  0.00000000

     Dynamical  Matrix in cartesian axes

     q = (    0.250000000   0.166666667  -0.083333333 ) 

    1    1
  0.03042321  0.00000000    0.03618764  0.00000000   -0.01657898  0.00000000
  0.03618764  0.00000000    0.02925646  0.00000000   -0.00929044  0.00000000
 -0.01657898  0.00000000   -0.00929044  0.00000000    0.02838811  0.00000000

     Dynamical  Matrix in cartesian axes

     q = (   -0.250000000   0.166666667   0.083333333 ) 

    1    1
  0.03042321  0.00000000   -0.03618764  0.00000000   -0.01657898  0.00000000
 -0.03618764  0.00000000    0.02925646  0.00000000    0.00929044  0.00000000
 -0.01657898  0.00000000    0.00929044  0.00000000    0.02838811  0.00000000

     Dynamical  Matrix in cartesian axes

     q = (    0.250000000  -0.166666667   0.083333333 ) 

    1    1
  0.03042321  0.00000000   -0.03618764  0.00000000    0.01657898  0.00000000
 -0.03618764  0.00000000    0.02925646  0.00000000   -0.00929044  0.00000000
  0.01657898  0.00000000   -0.00929044  0.00000000    0.02838811  0.00000000

     Dynamical  Matrix in cartesian axes

     q = (   -0.250000000  -0.166666667  -0.083333333 ) 

    1    1
  0.03042321  0.00000000    0.03618764  0.00000000    0.01657898  0.00000000
  0.03618764  0.00000000    0.02925646  0.00000000    0.00929044  0.00000000
  0.01657898  0.00000000    0.00929044  0.00000000    0.02838811  0.00000000

     Dynamical  Matrix in cartesian axes

     q = (   -0.166666667  -0.083333333  -0.250000000 ) 

    1    1
  0.02925646  0.00000000    0.00929044  0.00000000    0.03618764  0.00000000
  0.00929044  0.00000000    0.02838811  0.00000000    0.01657898  0.00000000
  0.03618764  0.00000000    0.01657898  0.00000000    0.03042321  0.00000000

     Dynamical  Matrix in cartesian axes

     q = (    0.166666667  -0.250000000   0.083333333 ) 

    1    1
  0.02925646  0.00000000   -0.03618764  0.00000000    0.00929044  0.00000000
 -0.03618764  0.00000000    0.03042321  0.00000000   -0.01657898  0.00000000
  0.00929044  0.00000000   -0.01657898  0.00000000    0.02838811  0.00000000

     Dynamical  Matrix in cartesian axes

     q = (   -0.166666667  -0.250000000  -0.083333333 ) 

    1    1
  0.02925646  0.00000000    0.03618764  0.00000000    0.00929044  0.00000000
  0.03618764  0.00000000    0.03042321  0.00000000    0.01657898  0.00000000
  0.00929044  0.00000000    0.01657898  0.00000000    0.02838811  0.00000000

     Dynamical  Matrix in cartesian axes

     q = (    0.166666667   0.250000000  -0.083333333 ) 

    1    1
  0.02925646  0.00000000    0.03618764  0.00000000   -0.00929044  0.00000000
  0.03618764  0.00000000    0.03042321  0.00000000   -0.01657898  0.00000000
 -0.00929044  0.00000000   -0.01657898  0.00000000    0.02838811  0.00000000

     Dynamical  Matrix in cartesian axes

     q = (   -0.166666667   0.250000000   0.083333333 ) 

    1    1
  0.02925646  0.00000000   -0.03618764  0.00000000   -0.00929044  0.00000000
 -0.03618764  0.00000000    0.03042321  0.00000000    0.01657898  0.00000000
 -0.00929044  0.00000000    0.01657898  0.00000000    0.02838811  0.00000000

     Dynamical  Matrix in cartesian axes

     q = (   -0.250000000   0.083333333   0.166666667 ) 

    1    1
  0.03042321  0.00000000   -0.01657898  0.00000000   -0.03618764  0.00000000
 -0.01657898  0.00000000    0.02838811  0.00000000    0.00929044  0.00000000
 -0.03618764  0.00000000    0.00929044  0.00000000    0.02925646  0.00000000

     Dynamical  Matrix in cartesian axes

     q = (   -0.250000000  -0.083333333  -0.166666667 ) 

    1    1
  0.03042321  0.00000000    0.01657898  0.00000000    0.03618764  0.00000000
  0.01657898  0.00000000    0.02838811  0.00000000    0.00929044  0.00000000
  0.03618764  0.00000000    0.00929044  0.00000000    0.02925646  0.00000000

     Dynamical  Matrix in cartesian axes

     q = (    0.250000000  -0.083333333   0.166666667 ) 

    1    1
  0.03042321  0.00000000   -0.01657898  0.00000000    0.03618764  0.00000000
 -0.01657898  0.00000000    0.02838811  0.00000000   -0.00929044  0.00000000
  0.03618764  0.00000000   -0.00929044  0.00000000    0.02925646  0.00000000

     Dynamical  Matrix in cartesian axes

     q = (    0.250000000   0.083333333  -0.166666667 ) 

    1    1
  0.03042321  0.00000000    0.01657898  0.00000000   -0.03618764  0.00000000
  0.01657898  0.00000000    0.02838811  0.00000000   -0.00929044  0.00000000
 -0.03618764  0.00000000   -0.00929044  0.00000000    0.02925646  0.00000000

     Diagonalizing the dynamical matrix

     q = (   -0.083333333  -0.166666667   0.250000000 ) 

 **************************************************************************
     freq (    1) =      -1.775381 [THz] =     -59.220322 [cm-1]
 (  0.159507 -0.000000  0.675058 -0.000000  0.720315  0.000000 ) 
     freq (    2) =       3.090304 [THz] =     103.081434 [cm-1]
 (  0.911783  0.000000 -0.380447  0.000000  0.154638  0.000000 ) 
     freq (    3) =       5.688597 [THz] =     189.751165 [cm-1]
 ( -0.378431  0.000000 -0.632105  0.000000  0.676190  0.000000 ) 
 **************************************************************************
