Dynamical matrix file
                                                                           
  1    1  3  6.1240000  0.0000000  0.0000000  0.0000000  0.0000000  0.0000000
           1  'Al  '    24592.588541212976     
    1    1      0.0000000000      0.0000000000      0.0000000000

     Dynamical  Matrix in cartesian axes

     q = (   -0.083333333  -0.333333333   0.416666667 ) 

    1    1
  0.06515010  0.00000000    0.00714345  0.00000000   -0.01407050  0.00000000
  0.00714345  0.00000000    0.06852244  0.00000000   -0.08705643  0.00000000
 -0.01407050  0.00000000   -0.08705643  0.00000000    0.07198372  0.00000000

     Dynamical  Matrix in cartesian axes

     q = (   -0.333333333  -0.083333333   0.416666667 ) 

    1    1
  0.06852244  0.00000000    0.00714345  0.00000000   -0.08705643  0.00000000
  0.00714345  0.00000000    0.06515010  0.00000000   -0.01407050  0.00000000
 -0.08705643  0.00000000   -0.01407050  0.00000000    0.07198372  0.00000000

     Dynamical  Matrix in cartesian axes

     q = (    0.083333333  -0.416666667   0.333333333 ) 

    1    1
  0.06515010  0.00000000   -0.01407050  0.00000000    0.00714345  0.00000000
 -0.01407050  0.00000000    0.07198372  0.00000000   -0.08705643  0.00000000
  0.00714345  0.00000000   -0.08705643  0.00000000    0.06852244  0.00000000

     Dynamical  Matrix in cartesian axes

     q = (   -0.083333333  -0.416666667   0.333333333 ) 

    1    1
  0.06515010  0.00000000    0.01407050  0.00000000   -0.00714345  0.00000000
  0.01407050  0.00000000    0.07198372  0.00000000   -0.08705643  0.00000000
 -0.00714345  0.00000000   -0.08705643  0.00000000    0.06852244  0.00000000

     Dynamical  Matrix in cartesian axes

     q = (   -0.083333333   0.333333333  -0.416666667 ) 

    1    1
  0.06515010  0.00000000   -0.00714345  0.00000000    0.01407050  0.00000000
 -0.00714345  0.00000000    0.06852244  0.00000000   -0.08705643  0.00000000
  0.01407050  0.00000000   -0.08705643  0.00000000    0.07198372  0.00000000

     Dynamical  Matrix in cartesian axes

     q = (   -0.083333333   0.416666667  -0.333333333 ) 

    1    1
  0.06515010  0.00000000   -0.01407050  0.00000000    0.00714345  0.00000000
 -0.01407050  0.00000000    0.07198372  0.00000000   -0.08705643  0.00000000
  0.00714345  0.00000000   -0.08705643  0.00000000    0.06852244  0.00000000

     Dynamical  Matrix in cartesian axes

     q = (    0.083333333   0.416666667  -0.333333333 ) 

    1    1
  0.06515010  0.00000000    0.01407050  0.00000000   -0.00714345  0.00000000
  0.01407050  0.00000000    0.07198372  0.00000000   -0.08705643  0.00000000
 -0.00714345  0.00000000   -0.08705643  0.00000000    0.06852244  0.00000000

     Dynamical  Matrix in cartesian axes

     q = (    0.083333333   0.333333333  -0.416666667 ) 

    1    1
  0.06515010  0.00000000    0.00714345  0.00000000   -0.01407050  0.00000000
  0.00714345  0.00000000    0.06852244  0.00000000   -0.08705643  0.00000000
 -0.01407050  0.00000000   -0.08705643  0.00000000    0.07198372  0.00000000

     Dynamical  Matrix in cartesian axes

     q = (    0.333333333  -0.416666667  -0.083333333 ) 

    1    1
  0.06852244  0.00000000   -0.08705643  0.00000000   -0.00714345  0.00000000
 -0.08705643  0.00000000    0.07198372  0.00000000    0.01407050  0.00000000
 -0.00714345  0.00000000    0.01407050  0.00000000    0.06515010  0.00000000

     Dynamical  Matrix in cartesian axes

     q = (    0.333333333   0.416666667   0.083333333 ) 

    1    1
  0.06852244  0.00000000    0.08705643  0.00000000    0.00714345  0.00000000
  0.08705643  0.00000000    0.07198372  0.00000000    0.01407050  0.00000000
  0.00714345  0.00000000    0.01407050  0.00000000    0.06515010  0.00000000

     Dynamical  Matrix in cartesian axes

     q = (    0.416666667   0.083333333   0.333333333 ) 

    1    1
  0.07198372  0.00000000    0.01407050  0.00000000    0.08705643  0.00000000
  0.01407050  0.00000000    0.06515010  0.00000000    0.00714345  0.00000000
  0.08705643  0.00000000    0.00714345  0.00000000    0.06852244  0.00000000

     Dynamical  Matrix in cartesian axes

     q = (   -0.083333333   0.333333333   0.416666667 ) 

    1    1
  0.06515010  0.00000000   -0.00714345  0.00000000   -0.01407050  0.00000000
 -0.00714345  0.00000000    0.06852244  0.00000000    0.08705643  0.00000000
 -0.01407050  0.00000000    0.08705643  0.00000000    0.07198372  0.00000000

     Dynamical  Matrix in cartesian axes

     q = (   -0.416666667  -0.083333333   0.333333333 ) 

    1    1
  0.07198372  0.00000000    0.01407050  0.00000000   -0.08705643  0.00000000
  0.01407050  0.00000000    0.06515010  0.00000000   -0.00714345  0.00000000
 -0.08705643  0.00000000   -0.00714345  0.00000000    0.06852244  0.00000000

     Dynamical  Matrix in cartesian axes

     q = (    0.083333333  -0.333333333  -0.416666667 ) 

    1    1
  0.06515010  0.00000000   -0.00714345  0.00000000   -0.01407050  0.00000000
 -0.00714345  0.00000000    0.06852244  0.00000000    0.08705643  0.00000000
 -0.01407050  0.00000000    0.08705643  0.00000000    0.07198372  0.00000000

     Dynamical  Matrix in cartesian axes

     q = (   -0.333333333   0.416666667  -0.083333333 ) 

    1    1
  0.06852244  0.00000000   -0.08705643  0.00000000    0.00714345  0.00000000
 -0.08705643  0.00000000    0.07198372  0.00000000   -0.01407050  0.00000000
  0.00714345  0.00000000   -0.01407050  0.00000000    0.06515010  0.00000000

     Dynamical  Matrix in cartesian axes

     q = (    0.333333333  -0.083333333  -0.416666667 ) 

    1    1
  0.06852244  0.00000000   -0.00714345  0.00000000   -0.08705643  0.00000000
 -0.00714345  0.00000000    0.06515010  0.00000000    0.01407050  0.00000000
 -0.08705643  0.00000000    0.01407050  0.00000000    0.07198372  0.00000000

     Dynamical  Matrix in cartesian axes

     q = (   -0.333333333   0.083333333  -0.416666667 ) 

    1    1
  0.06852244  0.00000000   -0.00714345  0.00000000    0.08705643  0.00000000
 -0.00714345  0.00000000    0.06515010  0.00000000   -0.01407050  0.00000000
  0.08705643  0.00000000   -0.01407050  0.00000000    0.07198372  0.00000000

     Dynamical  Matrix in cartesian axes

     q = (   -0.416666667   0.083333333  -0.333333333 ) 

    1    1
  0.07198372  0.00000000   -0.01407050  0.00000000    0.08705643  0.00000000
 -0.01407050  0.00000000    0.06515010  0.00000000   -0.00714345  0.00000000
  0.08705643  0.00000000   -0.00714345  0.00000000    0.06852244  0.00000000

     Dynamical  Matrix in cartesian axes

     q = (   -0.416666667   0.333333333  -0.083333333 ) 

    1    1
  0.07198372  0.00000000   -0.08705643  0.00000000    0.01407050  0.00000000
 -0.08705643  0.00000000    0.06852244  0.00000000   -0.00714345  0.00000000
  0.01407050  0.00000000   -0.00714345  0.00000000    0.06515010  0.00000000

     Dynamical  Matrix in cartesian axes

     q = (    0.416666667   0.333333333   0.083333333 ) 

    1    1
  0.07198372  0.00000000    0.08705643  0.00000000    0.01407050  0.00000000
  0.08705643  0.00000000    0.06852244  0.00000000    0.00714345  0.00000000
  0.01407050  0.00000000    0.00714345  0.00000000    0.06515010  0.00000000

     Dynamical  Matrix in cartesian axes

     q = (    0.083333333  -0.333333333   0.416666667 ) 

    1    1
  0.06515010  0.00000000   -0.00714345  0.00000000    0.01407050  0.00000000
 -0.00714345  0.00000000    0.06852244  0.00000000   -0.08705643  0.00000000
  0.01407050  0.00000000   -0.08705643  0.00000000    0.07198372  0.00000000

     Dynamical  Matrix in cartesian axes

     q = (   -0.416666667  -0.333333333   0.083333333 ) 

    1    1
  0.07198372  0.00000000    0.08705643  0.00000000   -0.01407050  0.00000000
  0.08705643  0.00000000    0.06852244  0.00000000   -0.00714345  0.00000000
 -0.01407050  0.00000000   -0.00714345  0.00000000    0.06515010  0.00000000

     Dynamical  Matrix in cartesian axes

     q = (    0.083333333  -0.416666667  -0.333333333 ) 

    1    1
  0.06515010  0.00000000   -0.01407050  0.00000000   -0.00714345  0.00000000
 -0.01407050  0.00000000    0.07198372  0.00000000    0.08705643  0.00000000
 -0.00714345  0.00000000    0.08705643  0.00000000    0.06852244  0.00000000

     Dynamical  Matrix in cartesian axes

     q = (    0.083333333   0.416666667   0.333333333 ) 

    1    1
  0.06515010  0.00000000    0.01407050  0.00000000    0.00714345  0.00000000
  0.01407050  0.00000000    0.07198372  0.00000000    0.08705643  0.00000000
  0.00714345  0.00000000    0.08705643  0.00000000    0.06852244  0.00000000

     Dynamical  Matrix in cartesian axes

     q = (    0.333333333   0.083333333  -0.416666667 ) 

    1    1
  0.06852244  0.00000000    0.00714345  0.00000000   -0.08705643  0.00000000
  0.00714345  0.00000000    0.06515010  0.00000000   -0.01407050  0.00000000
 -0.08705643  0.00000000   -0.01407050  0.00000000    0.07198372  0.00000000

     Dynamical  Matrix in cartesian axes

     q = (   -0.083333333  -0.333333333  -0.416666667 ) 

    1    1
  0.06515010  0.00000000    0.00714345  0.00000000    0.01407050  0.00000000
  0.00714345  0.00000000    0.06852244  0.00000000    0.08705643  0.00000000
  0.01407050  0.00000000    0.08705643  0.00000000    0.07198372  0.00000000

     Dynamical  Matrix in cartesian axes

     q = (    0.416666667  -0.083333333  -0.333333333 ) 

    1    1
  0.07198372  0.00000000   -0.01407050  0.00000000   -0.08705643  0.00000000
 -0.01407050  0.00000000    0.06515010  0.00000000    0.00714345  0.00000000
 -0.08705643  0.00000000    0.00714345  0.00000000    0.06852244  0.00000000

     Dynamical  Matrix in cartesian axes

     q = (    0.333333333  -0.083333333   0.416666667 ) 

    1    1
  0.06852244  0.00000000   -0.00714345  0.00000000    0.08705643  0.00000000
 -0.00714345  0.00000000    0.06515010  0.00000000   -0.01407050  0.00000000
  0.08705643  0.00000000   -0.01407050  0.00000000    0.07198372  0.00000000

     Dynamical  Matrix in cartesian axes

     q = (   -0.083333333   0.416666667   0.333333333 ) 

    1    1
  0.06515010  0.00000000   -0.01407050  0.00000000   -0.00714345  0.00000000
 -0.01407050  0.00000000    0.07198372  0.00000000    0.08705643  0.00000000
 -0.00714345  0.00000000    0.08705643  0.00000000    0.06852244  0.00000000

     Dynamical  Matrix in cartesian axes

     q = (   -0.333333333   0.083333333   0.416666667 ) 

    1    1
  0.06852244  0.00000000   -0.00714345  0.00000000   -0.08705643  0.00000000
 -0.00714345  0.00000000    0.06515010  0.00000000    0.01407050  0.00000000
 -0.08705643  0.00000000    0.01407050  0.00000000    0.07198372  0.00000000

     Dynamical  Matrix in cartesian axes

     q = (   -0.083333333  -0.416666667  -0.333333333 ) 

    1    1
  0.06515010  0.00000000    0.01407050  0.00000000    0.00714345  0.00000000
  0.01407050  0.00000000    0.07198372  0.00000000    0.08705643  0.00000000
  0.00714345  0.00000000    0.08705643  0.00000000    0.06852244  0.00000000

     Dynamical  Matrix in cartesian axes

     q = (    0.416666667  -0.333333333  -0.083333333 ) 

    1    1
  0.07198372  0.00000000   -0.08705643  0.00000000   -0.01407050  0.00000000
 -0.08705643  0.00000000    0.06852244  0.00000000    0.00714345  0.00000000
 -0.01407050  0.00000000    0.00714345  0.00000000    0.06515010  0.00000000

     Dynamical  Matrix in cartesian axes

     q = (    0.083333333   0.333333333   0.416666667 ) 

    1    1
  0.06515010  0.00000000    0.00714345  0.00000000    0.01407050  0.00000000
  0.00714345  0.00000000    0.06852244  0.00000000    0.08705643  0.00000000
  0.01407050  0.00000000    0.08705643  0.00000000    0.07198372  0.00000000

     Dynamical  Matrix in cartesian axes

     q = (    0.333333333   0.083333333   0.416666667 ) 

    1    1
  0.06852244  0.00000000    0.00714345  0.00000000    0.08705643  0.00000000
  0.00714345  0.00000000    0.06515010  0.00000000    0.01407050  0.00000000
  0.08705643  0.00000000    0.01407050  0.00000000    0.07198372  0.00000000

     Dynamical  Matrix in cartesian axes

     q = (   -0.333333333  -0.416666667   0.083333333 ) 

    1    1
  0.06852244  0.00000000    0.08705643  0.00000000   -0.00714345  0.00000000
  0.08705643  0.00000000    0.07198372  0.00000000   -0.01407050  0.00000000
 -0.00714345  0.00000000   -0.01407050  0.00000000    0.06515010  0.00000000

     Dynamical  Matrix in cartesian axes

     q = (    0.416666667   0.333333333  -0.083333333 ) 

    1    1
  0.07198372  0.00000000    0.08705643  0.00000000   -0.01407050  0.00000000
  0.08705643  0.00000000    0.06852244  0.00000000   -0.00714345  0.00000000
 -0.01407050  0.00000000   -0.00714345  0.00000000    0.06515010  0.00000000

     Dynamical  Matrix in cartesian axes

     q = (   -0.416666667   0.333333333   0.083333333 ) 

    1    1
  0.07198372  0.00000000   -0.08705643  0.00000000   -0.01407050  0.00000000
 -0.08705643  0.00000000    0.06852244  0.00000000    0.00714345  0.00000000
 -0.01407050  0.00000000    0.00714345  0.00000000    0.06515010  0.00000000

     Dynamical  Matrix in cartesian axes

     q = (    0.416666667  -0.333333333   0.083333333 ) 

    1    1
  0.07198372  0.00000000   -0.08705643  0.00000000    0.01407050  0.00000000
 -0.08705643  0.00000000    0.06852244  0.00000000   -0.00714345  0.00000000
  0.01407050  0.00000000   -0.00714345  0.00000000    0.06515010  0.00000000

     Dynamical  Matrix in cartesian axes

     q = (   -0.416666667  -0.333333333  -0.083333333 ) 

    1    1
  0.07198372  0.00000000    0.08705643  0.00000000    0.01407050  0.00000000
  0.08705643  0.00000000    0.06852244  0.00000000    0.00714345  0.00000000
  0.01407050  0.00000000    0.00714345  0.00000000    0.06515010  0.00000000

     Dynamical  Matrix in cartesian axes

     q = (   -0.333333333  -0.083333333  -0.416666667 ) 

    1    1
  0.06852244  0.00000000    0.00714345  0.00000000    0.08705643  0.00000000
  0.00714345  0.00000000    0.06515010  0.00000000    0.01407050  0.00000000
  0.08705643  0.00000000    0.01407050  0.00000000    0.07198372  0.00000000

     Dynamical  Matrix in cartesian axes

     q = (    0.333333333  -0.416666667   0.083333333 ) 

    1    1
  0.06852244  0.00000000   -0.08705643  0.00000000    0.00714345  0.00000000
 -0.08705643  0.00000000    0.07198372  0.00000000   -0.01407050  0.00000000
  0.00714345  0.00000000   -0.01407050  0.00000000    0.06515010  0.00000000

     Dynamical  Matrix in cartesian axes

     q = (   -0.333333333  -0.416666667  -0.083333333 ) 

    1    1
  0.06852244  0.00000000    0.08705643  0.00000000    0.00714345  0.00000000
  0.08705643  0.00000000    0.07198372  0.00000000    0.01407050  0.00000000
  0.00714345  0.00000000    0.01407050  0.00000000    0.06515010  0.00000000

     Dynamical  Matrix in cartesian axes

     q = (    0.333333333   0.416666667  -0.083333333 ) 

    1    1
  0.06852244  0.00000000    0.08705643  0.00000000   -0.00714345  0.00000000
  0.08705643  0.00000000    0.07198372  0.00000000   -0.01407050  0.00000000
 -0.00714345  0.00000000   -0.01407050  0.00000000    0.06515010  0.00000000

     Dynamical  Matrix in cartesian axes

     q = (   -0.333333333   0.416666667   0.083333333 ) 

    1    1
  0.06852244  0.00000000   -0.08705643  0.00000000   -0.00714345  0.00000000
 -0.08705643  0.00000000    0.07198372  0.00000000    0.01407050  0.00000000
 -0.00714345  0.00000000    0.01407050  0.00000000    0.06515010  0.00000000

     Dynamical  Matrix in cartesian axes

     q = (   -0.416666667   0.083333333   0.333333333 ) 

    1    1
  0.07198372  0.00000000   -0.01407050  0.00000000   -0.08705643  0.00000000
 -0.01407050  0.00000000    0.06515010  0.00000000    0.00714345  0.00000000
 -0.08705643  0.00000000    0.00714345  0.00000000    0.06852244  0.00000000

     Dynamical  Matrix in cartesian axes

     q = (   -0.416666667  -0.083333333  -0.333333333 ) 

    1    1
  0.07198372  0.00000000    0.01407050  0.00000000    0.08705643  0.00000000
  0.01407050  0.00000000    0.06515010  0.00000000    0.00714345  0.00000000
  0.08705643  0.00000000    0.00714345  0.00000000    0.06852244  0.00000000

     Dynamical  Matrix in cartesian axes

     q = (    0.416666667  -0.083333333   0.333333333 ) 

    1    1
  0.07198372  0.00000000   -0.01407050  0.00000000    0.08705643  0.00000000
 -0.01407050  0.00000000    0.06515010  0.00000000   -0.00714345  0.00000000
  0.08705643  0.00000000   -0.00714345  0.00000000    0.06852244  0.00000000

     Dynamical  Matrix in cartesian axes

     q = (    0.416666667   0.083333333  -0.333333333 ) 

    1    1
  0.07198372  0.00000000    0.01407050  0.00000000   -0.08705643  0.00000000
  0.01407050  0.00000000    0.06515010  0.00000000   -0.00714345  0.00000000
 -0.08705643  0.00000000   -0.00714345  0.00000000    0.06852244  0.00000000

     Diagonalizing the dynamical matrix

     q = (   -0.083333333  -0.333333333   0.416666667 ) 

 **************************************************************************
     freq (    1) =      -2.743216 [THz] =     -91.503824 [cm-1]
 (  0.058562 -0.000000  0.709328 -0.000000  0.702442  0.000000 ) 
     freq (    2) =       5.266837 [THz] =     175.682778 [cm-1]
 (  0.985805  0.000000 -0.151998  0.000000  0.071303  0.000000 ) 
     freq (    3) =       8.384141 [THz] =     279.664844 [cm-1]
 ( -0.157347  0.000000 -0.688296  0.000000  0.708160  0.000000 ) 
 **************************************************************************
