Dynamical matrix file
                                                                           
  1    1  3  6.1240000  0.0000000  0.0000000  0.0000000  0.0000000  0.0000000
           1  'Al  '    24592.588541212976     
    1    1      0.0000000000      0.0000000000      0.0000000000

     Dynamical  Matrix in cartesian axes

     q = (   -0.166666667   0.750000000  -0.416666667 ) 

    1    1
  0.09048214  0.00000000   -0.00757443  0.00000000   -0.03399984  0.00000000
 -0.00757443  0.00000000    0.09100745  0.00000000   -0.06063203  0.00000000
 -0.03399984  0.00000000   -0.06063203  0.00000000    0.09790590  0.00000000

     Dynamical  Matrix in cartesian axes

     q = (    0.750000000  -0.166666667  -0.416666667 ) 

    1    1
  0.09100745  0.00000000   -0.00757443  0.00000000   -0.06063203  0.00000000
 -0.00757443  0.00000000    0.09048214  0.00000000   -0.03399984  0.00000000
 -0.06063203  0.00000000   -0.03399984  0.00000000    0.09790590  0.00000000

     Dynamical  Matrix in cartesian axes

     q = (   -0.750000000   0.166666667  -0.416666667 ) 

    1    1
  0.09100745  0.00000000   -0.00757443  0.00000000    0.06063203  0.00000000
 -0.00757443  0.00000000    0.09048214  0.00000000    0.03399984  0.00000000
  0.06063203  0.00000000    0.03399984  0.00000000    0.09790590  0.00000000

     Dynamical  Matrix in cartesian axes

     q = (   -0.750000000  -0.416666667   0.166666667 ) 

    1    1
  0.09100745  0.00000000    0.06063203  0.00000000   -0.00757443  0.00000000
  0.06063203  0.00000000    0.09790590  0.00000000    0.03399984  0.00000000
 -0.00757443  0.00000000    0.03399984  0.00000000    0.09048214  0.00000000

     Dynamical  Matrix in cartesian axes

     q = (    0.416666667   0.166666667   0.750000000 ) 

    1    1
  0.09790590  0.00000000   -0.03399984  0.00000000    0.06063203  0.00000000
 -0.03399984  0.00000000    0.09048214  0.00000000    0.00757443  0.00000000
  0.06063203  0.00000000    0.00757443  0.00000000    0.09100745  0.00000000

     Dynamical  Matrix in cartesian axes

     q = (    0.416666667   0.750000000   0.166666667 ) 

    1    1
  0.09790590  0.00000000    0.06063203  0.00000000   -0.03399984  0.00000000
  0.06063203  0.00000000    0.09100745  0.00000000    0.00757443  0.00000000
 -0.03399984  0.00000000    0.00757443  0.00000000    0.09048214  0.00000000

     Dynamical  Matrix in cartesian axes

     q = (    0.166666667  -0.750000000  -0.416666667 ) 

    1    1
  0.09048214  0.00000000   -0.00757443  0.00000000    0.03399984  0.00000000
 -0.00757443  0.00000000    0.09100745  0.00000000    0.06063203  0.00000000
  0.03399984  0.00000000    0.06063203  0.00000000    0.09790590  0.00000000

     Dynamical  Matrix in cartesian axes

     q = (   -0.166666667  -0.416666667   0.750000000 ) 

    1    1
  0.09048214  0.00000000   -0.03399984  0.00000000   -0.00757443  0.00000000
 -0.03399984  0.00000000    0.09790590  0.00000000   -0.06063203  0.00000000
 -0.00757443  0.00000000   -0.06063203  0.00000000    0.09100745  0.00000000

     Dynamical  Matrix in cartesian axes

     q = (   -0.750000000   0.416666667  -0.166666667 ) 

    1    1
  0.09100745  0.00000000   -0.06063203  0.00000000    0.00757443  0.00000000
 -0.06063203  0.00000000    0.09790590  0.00000000    0.03399984  0.00000000
  0.00757443  0.00000000    0.03399984  0.00000000    0.09048214  0.00000000

     Dynamical  Matrix in cartesian axes

     q = (    0.166666667  -0.416666667   0.750000000 ) 

    1    1
  0.09048214  0.00000000    0.03399984  0.00000000    0.00757443  0.00000000
  0.03399984  0.00000000    0.09790590  0.00000000   -0.06063203  0.00000000
  0.00757443  0.00000000   -0.06063203  0.00000000    0.09100745  0.00000000

     Dynamical  Matrix in cartesian axes

     q = (   -0.416666667   0.166666667  -0.750000000 ) 

    1    1
  0.09790590  0.00000000    0.03399984  0.00000000    0.06063203  0.00000000
  0.03399984  0.00000000    0.09048214  0.00000000   -0.00757443  0.00000000
  0.06063203  0.00000000   -0.00757443  0.00000000    0.09100745  0.00000000

     Dynamical  Matrix in cartesian axes

     q = (   -0.166666667  -0.750000000  -0.416666667 ) 

    1    1
  0.09048214  0.00000000    0.00757443  0.00000000   -0.03399984  0.00000000
  0.00757443  0.00000000    0.09100745  0.00000000    0.06063203  0.00000000
 -0.03399984  0.00000000    0.06063203  0.00000000    0.09790590  0.00000000

     Dynamical  Matrix in cartesian axes

     q = (    0.416666667  -0.166666667  -0.750000000 ) 

    1    1
  0.09790590  0.00000000    0.03399984  0.00000000   -0.06063203  0.00000000
  0.03399984  0.00000000    0.09048214  0.00000000    0.00757443  0.00000000
 -0.06063203  0.00000000    0.00757443  0.00000000    0.09100745  0.00000000

     Dynamical  Matrix in cartesian axes

     q = (    0.166666667   0.750000000   0.416666667 ) 

    1    1
  0.09048214  0.00000000    0.00757443  0.00000000   -0.03399984  0.00000000
  0.00757443  0.00000000    0.09100745  0.00000000    0.06063203  0.00000000
 -0.03399984  0.00000000    0.06063203  0.00000000    0.09790590  0.00000000

     Dynamical  Matrix in cartesian axes

     q = (   -0.166666667   0.416666667  -0.750000000 ) 

    1    1
  0.09048214  0.00000000    0.03399984  0.00000000    0.00757443  0.00000000
  0.03399984  0.00000000    0.09790590  0.00000000   -0.06063203  0.00000000
  0.00757443  0.00000000   -0.06063203  0.00000000    0.09100745  0.00000000

     Dynamical  Matrix in cartesian axes

     q = (   -0.750000000  -0.166666667   0.416666667 ) 

    1    1
  0.09100745  0.00000000    0.00757443  0.00000000   -0.06063203  0.00000000
  0.00757443  0.00000000    0.09048214  0.00000000    0.03399984  0.00000000
 -0.06063203  0.00000000    0.03399984  0.00000000    0.09790590  0.00000000

     Dynamical  Matrix in cartesian axes

     q = (    0.750000000   0.166666667   0.416666667 ) 

    1    1
  0.09100745  0.00000000    0.00757443  0.00000000    0.06063203  0.00000000
  0.00757443  0.00000000    0.09048214  0.00000000   -0.03399984  0.00000000
  0.06063203  0.00000000   -0.03399984  0.00000000    0.09790590  0.00000000

     Dynamical  Matrix in cartesian axes

     q = (   -0.750000000  -0.166666667  -0.416666667 ) 

    1    1
  0.09100745  0.00000000    0.00757443  0.00000000    0.06063203  0.00000000
  0.00757443  0.00000000    0.09048214  0.00000000   -0.03399984  0.00000000
  0.06063203  0.00000000   -0.03399984  0.00000000    0.09790590  0.00000000

     Dynamical  Matrix in cartesian axes

     q = (    0.416666667  -0.750000000  -0.166666667 ) 

    1    1
  0.09790590  0.00000000   -0.06063203  0.00000000    0.03399984  0.00000000
 -0.06063203  0.00000000    0.09100745  0.00000000    0.00757443  0.00000000
  0.03399984  0.00000000    0.00757443  0.00000000    0.09048214  0.00000000

     Dynamical  Matrix in cartesian axes

     q = (   -0.416666667  -0.750000000   0.166666667 ) 

    1    1
  0.09790590  0.00000000    0.06063203  0.00000000    0.03399984  0.00000000
  0.06063203  0.00000000    0.09100745  0.00000000   -0.00757443  0.00000000
  0.03399984  0.00000000   -0.00757443  0.00000000    0.09048214  0.00000000

     Dynamical  Matrix in cartesian axes

     q = (    0.750000000  -0.416666667  -0.166666667 ) 

    1    1
  0.09100745  0.00000000   -0.06063203  0.00000000   -0.00757443  0.00000000
 -0.06063203  0.00000000    0.09790590  0.00000000   -0.03399984  0.00000000
 -0.00757443  0.00000000   -0.03399984  0.00000000    0.09048214  0.00000000

     Dynamical  Matrix in cartesian axes

     q = (    0.750000000   0.166666667  -0.416666667 ) 

    1    1
  0.09100745  0.00000000    0.00757443  0.00000000   -0.06063203  0.00000000
  0.00757443  0.00000000    0.09048214  0.00000000    0.03399984  0.00000000
 -0.06063203  0.00000000    0.03399984  0.00000000    0.09790590  0.00000000

     Dynamical  Matrix in cartesian axes

     q = (    0.166666667   0.416666667   0.750000000 ) 

    1    1
  0.09048214  0.00000000   -0.03399984  0.00000000    0.00757443  0.00000000
 -0.03399984  0.00000000    0.09790590  0.00000000    0.06063203  0.00000000
  0.00757443  0.00000000    0.06063203  0.00000000    0.09100745  0.00000000

     Dynamical  Matrix in cartesian axes

     q = (    0.166666667  -0.416666667  -0.750000000 ) 

    1    1
  0.09048214  0.00000000    0.03399984  0.00000000   -0.00757443  0.00000000
  0.03399984  0.00000000    0.09790590  0.00000000    0.06063203  0.00000000
 -0.00757443  0.00000000    0.06063203  0.00000000    0.09100745  0.00000000

     Dynamical  Matrix in cartesian axes

     q = (   -0.750000000   0.166666667   0.416666667 ) 

    1    1
  0.09100745  0.00000000   -0.00757443  0.00000000   -0.06063203  0.00000000
 -0.00757443  0.00000000    0.09048214  0.00000000   -0.03399984  0.00000000
 -0.06063203  0.00000000   -0.03399984  0.00000000    0.09790590  0.00000000

     Dynamical  Matrix in cartesian axes

     q = (   -0.166666667   0.750000000   0.416666667 ) 

    1    1
  0.09048214  0.00000000   -0.00757443  0.00000000    0.03399984  0.00000000
 -0.00757443  0.00000000    0.09100745  0.00000000    0.06063203  0.00000000
  0.03399984  0.00000000    0.06063203  0.00000000    0.09790590  0.00000000

     Dynamical  Matrix in cartesian axes

     q = (   -0.166666667  -0.750000000   0.416666667 ) 

    1    1
  0.09048214  0.00000000    0.00757443  0.00000000    0.03399984  0.00000000
  0.00757443  0.00000000    0.09100745  0.00000000   -0.06063203  0.00000000
  0.03399984  0.00000000   -0.06063203  0.00000000    0.09790590  0.00000000

     Dynamical  Matrix in cartesian axes

     q = (   -0.416666667  -0.166666667   0.750000000 ) 

    1    1
  0.09790590  0.00000000   -0.03399984  0.00000000   -0.06063203  0.00000000
 -0.03399984  0.00000000    0.09048214  0.00000000   -0.00757443  0.00000000
 -0.06063203  0.00000000   -0.00757443  0.00000000    0.09100745  0.00000000

     Dynamical  Matrix in cartesian axes

     q = (   -0.166666667  -0.416666667  -0.750000000 ) 

    1    1
  0.09048214  0.00000000   -0.03399984  0.00000000    0.00757443  0.00000000
 -0.03399984  0.00000000    0.09790590  0.00000000    0.06063203  0.00000000
  0.00757443  0.00000000    0.06063203  0.00000000    0.09100745  0.00000000

     Dynamical  Matrix in cartesian axes

     q = (   -0.416666667   0.750000000  -0.166666667 ) 

    1    1
  0.09790590  0.00000000   -0.06063203  0.00000000   -0.03399984  0.00000000
 -0.06063203  0.00000000    0.09100745  0.00000000   -0.00757443  0.00000000
 -0.03399984  0.00000000   -0.00757443  0.00000000    0.09048214  0.00000000

     Dynamical  Matrix in cartesian axes

     q = (   -0.166666667   0.416666667   0.750000000 ) 

    1    1
  0.09048214  0.00000000    0.03399984  0.00000000   -0.00757443  0.00000000
  0.03399984  0.00000000    0.09790590  0.00000000    0.06063203  0.00000000
 -0.00757443  0.00000000    0.06063203  0.00000000    0.09100745  0.00000000

     Dynamical  Matrix in cartesian axes

     q = (    0.166666667   0.416666667  -0.750000000 ) 

    1    1
  0.09048214  0.00000000   -0.03399984  0.00000000   -0.00757443  0.00000000
 -0.03399984  0.00000000    0.09790590  0.00000000   -0.06063203  0.00000000
 -0.00757443  0.00000000   -0.06063203  0.00000000    0.09100745  0.00000000

     Dynamical  Matrix in cartesian axes

     q = (    0.166666667   0.750000000  -0.416666667 ) 

    1    1
  0.09048214  0.00000000    0.00757443  0.00000000    0.03399984  0.00000000
  0.00757443  0.00000000    0.09100745  0.00000000   -0.06063203  0.00000000
  0.03399984  0.00000000   -0.06063203  0.00000000    0.09790590  0.00000000

     Dynamical  Matrix in cartesian axes

     q = (    0.166666667  -0.750000000   0.416666667 ) 

    1    1
  0.09048214  0.00000000   -0.00757443  0.00000000   -0.03399984  0.00000000
 -0.00757443  0.00000000    0.09100745  0.00000000   -0.06063203  0.00000000
 -0.03399984  0.00000000   -0.06063203  0.00000000    0.09790590  0.00000000

     Dynamical  Matrix in cartesian axes

     q = (    0.750000000   0.416666667   0.166666667 ) 

    1    1
  0.09100745  0.00000000    0.06063203  0.00000000    0.00757443  0.00000000
  0.06063203  0.00000000    0.09790590  0.00000000   -0.03399984  0.00000000
  0.00757443  0.00000000   -0.03399984  0.00000000    0.09048214  0.00000000

     Dynamical  Matrix in cartesian axes

     q = (   -0.416666667  -0.750000000  -0.166666667 ) 

    1    1
  0.09790590  0.00000000    0.06063203  0.00000000   -0.03399984  0.00000000
  0.06063203  0.00000000    0.09100745  0.00000000    0.00757443  0.00000000
 -0.03399984  0.00000000    0.00757443  0.00000000    0.09048214  0.00000000

     Dynamical  Matrix in cartesian axes

     q = (    0.416666667  -0.750000000   0.166666667 ) 

    1    1
  0.09790590  0.00000000   -0.06063203  0.00000000   -0.03399984  0.00000000
 -0.06063203  0.00000000    0.09100745  0.00000000   -0.00757443  0.00000000
 -0.03399984  0.00000000   -0.00757443  0.00000000    0.09048214  0.00000000

     Dynamical  Matrix in cartesian axes

     q = (   -0.416666667   0.750000000   0.166666667 ) 

    1    1
  0.09790590  0.00000000   -0.06063203  0.00000000    0.03399984  0.00000000
 -0.06063203  0.00000000    0.09100745  0.00000000    0.00757443  0.00000000
  0.03399984  0.00000000    0.00757443  0.00000000    0.09048214  0.00000000

     Dynamical  Matrix in cartesian axes

     q = (    0.416666667   0.750000000  -0.166666667 ) 

    1    1
  0.09790590  0.00000000    0.06063203  0.00000000    0.03399984  0.00000000
  0.06063203  0.00000000    0.09100745  0.00000000   -0.00757443  0.00000000
  0.03399984  0.00000000   -0.00757443  0.00000000    0.09048214  0.00000000

     Dynamical  Matrix in cartesian axes

     q = (    0.750000000  -0.166666667   0.416666667 ) 

    1    1
  0.09100745  0.00000000   -0.00757443  0.00000000    0.06063203  0.00000000
 -0.00757443  0.00000000    0.09048214  0.00000000    0.03399984  0.00000000
  0.06063203  0.00000000    0.03399984  0.00000000    0.09790590  0.00000000

     Dynamical  Matrix in cartesian axes

     q = (   -0.750000000   0.416666667   0.166666667 ) 

    1    1
  0.09100745  0.00000000   -0.06063203  0.00000000   -0.00757443  0.00000000
 -0.06063203  0.00000000    0.09790590  0.00000000   -0.03399984  0.00000000
 -0.00757443  0.00000000   -0.03399984  0.00000000    0.09048214  0.00000000

     Dynamical  Matrix in cartesian axes

     q = (    0.750000000   0.416666667  -0.166666667 ) 

    1    1
  0.09100745  0.00000000    0.06063203  0.00000000   -0.00757443  0.00000000
  0.06063203  0.00000000    0.09790590  0.00000000    0.03399984  0.00000000
 -0.00757443  0.00000000    0.03399984  0.00000000    0.09048214  0.00000000

     Dynamical  Matrix in cartesian axes

     q = (   -0.750000000  -0.416666667  -0.166666667 ) 

    1    1
  0.09100745  0.00000000    0.06063203  0.00000000    0.00757443  0.00000000
  0.06063203  0.00000000    0.09790590  0.00000000   -0.03399984  0.00000000
  0.00757443  0.00000000   -0.03399984  0.00000000    0.09048214  0.00000000

     Dynamical  Matrix in cartesian axes

     q = (    0.750000000  -0.416666667   0.166666667 ) 

    1    1
  0.09100745  0.00000000   -0.06063203  0.00000000    0.00757443  0.00000000
 -0.06063203  0.00000000    0.09790590  0.00000000    0.03399984  0.00000000
  0.00757443  0.00000000    0.03399984  0.00000000    0.09048214  0.00000000

     Dynamical  Matrix in cartesian axes

     q = (    0.416666667   0.166666667  -0.750000000 ) 

    1    1
  0.09790590  0.00000000   -0.03399984  0.00000000   -0.06063203  0.00000000
 -0.03399984  0.00000000    0.09048214  0.00000000   -0.00757443  0.00000000
 -0.06063203  0.00000000   -0.00757443  0.00000000    0.09100745  0.00000000

     Dynamical  Matrix in cartesian axes

     q = (    0.416666667  -0.166666667   0.750000000 ) 

    1    1
  0.09790590  0.00000000    0.03399984  0.00000000    0.06063203  0.00000000
  0.03399984  0.00000000    0.09048214  0.00000000   -0.00757443  0.00000000
  0.06063203  0.00000000   -0.00757443  0.00000000    0.09100745  0.00000000

     Dynamical  Matrix in cartesian axes

     q = (   -0.416666667  -0.166666667  -0.750000000 ) 

    1    1
  0.09790590  0.00000000   -0.03399984  0.00000000    0.06063203  0.00000000
 -0.03399984  0.00000000    0.09048214  0.00000000    0.00757443  0.00000000
  0.06063203  0.00000000    0.00757443  0.00000000    0.09100745  0.00000000

     Dynamical  Matrix in cartesian axes

     q = (   -0.416666667   0.166666667   0.750000000 ) 

    1    1
  0.09790590  0.00000000    0.03399984  0.00000000   -0.06063203  0.00000000
  0.03399984  0.00000000    0.09048214  0.00000000    0.00757443  0.00000000
 -0.06063203  0.00000000    0.00757443  0.00000000    0.09100745  0.00000000

     Diagonalizing the dynamical matrix

     q = (   -0.166666667   0.750000000  -0.416666667 ) 

 **************************************************************************
     freq (    1) =       3.054211 [THz] =     101.877519 [cm-1]
 (  0.397661 -0.000000  0.625864 -0.000000  0.670940 -0.000000 ) 
     freq (    2) =       6.536167 [THz] =     218.023076 [cm-1]
 (  0.870312  0.000000 -0.488855  0.000000 -0.059815  0.000000 ) 
     freq (    3) =       8.420849 [THz] =     280.889288 [cm-1]
 ( -0.290556  0.000000 -0.607713  0.000000  0.739095  0.000000 ) 
 **************************************************************************
