Dynamical matrix file
                                                                           
  1    1  3  6.1240000  0.0000000  0.0000000  0.0000000  0.0000000  0.0000000
           1  'Al  '    24592.588541212976     
    1    1      0.0000000000      0.0000000000      0.0000000000

     Dynamical  Matrix in cartesian axes

     q = (   -0.166666667  -0.250000000   0.416666667 ) 

    1    1
  0.06366089  0.00000000    0.01078659  0.00000000   -0.03707305  0.00000000
  0.01078659  0.00000000    0.06446901  0.00000000   -0.06412288  0.00000000
 -0.03707305  0.00000000   -0.06412288  0.00000000    0.07074573  0.00000000

     Dynamical  Matrix in cartesian axes

     q = (   -0.250000000  -0.166666667   0.416666667 ) 

    1    1
  0.06446901  0.00000000    0.01078659  0.00000000   -0.06412288  0.00000000
  0.01078659  0.00000000    0.06366089  0.00000000   -0.03707305  0.00000000
 -0.06412288  0.00000000   -0.03707305  0.00000000    0.07074573  0.00000000

     Dynamical  Matrix in cartesian axes

     q = (    0.166666667  -0.416666667   0.250000000 ) 

    1    1
  0.06366089  0.00000000   -0.03707305  0.00000000    0.01078659  0.00000000
 -0.03707305  0.00000000    0.07074573  0.00000000   -0.06412288  0.00000000
  0.01078659  0.00000000   -0.06412288  0.00000000    0.06446901  0.00000000

     Dynamical  Matrix in cartesian axes

     q = (   -0.166666667  -0.416666667   0.250000000 ) 

    1    1
  0.06366089  0.00000000    0.03707305  0.00000000   -0.01078659  0.00000000
  0.03707305  0.00000000    0.07074573  0.00000000   -0.06412288  0.00000000
 -0.01078659  0.00000000   -0.06412288  0.00000000    0.06446901  0.00000000

     Dynamical  Matrix in cartesian axes

     q = (   -0.166666667   0.250000000  -0.416666667 ) 

    1    1
  0.06366089  0.00000000   -0.01078659  0.00000000    0.03707305  0.00000000
 -0.01078659  0.00000000    0.06446901  0.00000000   -0.06412288  0.00000000
  0.03707305  0.00000000   -0.06412288  0.00000000    0.07074573  0.00000000

     Dynamical  Matrix in cartesian axes

     q = (   -0.166666667   0.416666667  -0.250000000 ) 

    1    1
  0.06366089  0.00000000   -0.03707305  0.00000000    0.01078659  0.00000000
 -0.03707305  0.00000000    0.07074573  0.00000000   -0.06412288  0.00000000
  0.01078659  0.00000000   -0.06412288  0.00000000    0.06446901  0.00000000

     Dynamical  Matrix in cartesian axes

     q = (    0.166666667   0.416666667  -0.250000000 ) 

    1    1
  0.06366089  0.00000000    0.03707305  0.00000000   -0.01078659  0.00000000
  0.03707305  0.00000000    0.07074573  0.00000000   -0.06412288  0.00000000
 -0.01078659  0.00000000   -0.06412288  0.00000000    0.06446901  0.00000000

     Dynamical  Matrix in cartesian axes

     q = (    0.166666667   0.250000000  -0.416666667 ) 

    1    1
  0.06366089  0.00000000    0.01078659  0.00000000   -0.03707305  0.00000000
  0.01078659  0.00000000    0.06446901  0.00000000   -0.06412288  0.00000000
 -0.03707305  0.00000000   -0.06412288  0.00000000    0.07074573  0.00000000

     Dynamical  Matrix in cartesian axes

     q = (    0.250000000  -0.416666667  -0.166666667 ) 

    1    1
  0.06446901  0.00000000   -0.06412288  0.00000000   -0.01078659  0.00000000
 -0.06412288  0.00000000    0.07074573  0.00000000    0.03707305  0.00000000
 -0.01078659  0.00000000    0.03707305  0.00000000    0.06366089  0.00000000

     Dynamical  Matrix in cartesian axes

     q = (    0.250000000   0.416666667   0.166666667 ) 

    1    1
  0.06446901  0.00000000    0.06412288  0.00000000    0.01078659  0.00000000
  0.06412288  0.00000000    0.07074573  0.00000000    0.03707305  0.00000000
  0.01078659  0.00000000    0.03707305  0.00000000    0.06366089  0.00000000

     Dynamical  Matrix in cartesian axes

     q = (    0.416666667   0.166666667   0.250000000 ) 

    1    1
  0.07074573  0.00000000    0.03707305  0.00000000    0.06412288  0.00000000
  0.03707305  0.00000000    0.06366089  0.00000000    0.01078659  0.00000000
  0.06412288  0.00000000    0.01078659  0.00000000    0.06446901  0.00000000

     Dynamical  Matrix in cartesian axes

     q = (   -0.166666667   0.250000000   0.416666667 ) 

    1    1
  0.06366089  0.00000000   -0.01078659  0.00000000   -0.03707305  0.00000000
 -0.01078659  0.00000000    0.06446901  0.00000000    0.06412288  0.00000000
 -0.03707305  0.00000000    0.06412288  0.00000000    0.07074573  0.00000000

     Dynamical  Matrix in cartesian axes

     q = (   -0.416666667  -0.166666667   0.250000000 ) 

    1    1
  0.07074573  0.00000000    0.03707305  0.00000000   -0.06412288  0.00000000
  0.03707305  0.00000000    0.06366089  0.00000000   -0.01078659  0.00000000
 -0.06412288  0.00000000   -0.01078659  0.00000000    0.06446901  0.00000000

     Dynamical  Matrix in cartesian axes

     q = (    0.166666667  -0.250000000  -0.416666667 ) 

    1    1
  0.06366089  0.00000000   -0.01078659  0.00000000   -0.03707305  0.00000000
 -0.01078659  0.00000000    0.06446901  0.00000000    0.06412288  0.00000000
 -0.03707305  0.00000000    0.06412288  0.00000000    0.07074573  0.00000000

     Dynamical  Matrix in cartesian axes

     q = (   -0.250000000   0.416666667  -0.166666667 ) 

    1    1
  0.06446901  0.00000000   -0.06412288  0.00000000    0.01078659  0.00000000
 -0.06412288  0.00000000    0.07074573  0.00000000   -0.03707305  0.00000000
  0.01078659  0.00000000   -0.03707305  0.00000000    0.06366089  0.00000000

     Dynamical  Matrix in cartesian axes

     q = (    0.250000000  -0.166666667  -0.416666667 ) 

    1    1
  0.06446901  0.00000000   -0.01078659  0.00000000   -0.06412288  0.00000000
 -0.01078659  0.00000000    0.06366089  0.00000000    0.03707305  0.00000000
 -0.06412288  0.00000000    0.03707305  0.00000000    0.07074573  0.00000000

     Dynamical  Matrix in cartesian axes

     q = (   -0.250000000   0.166666667  -0.416666667 ) 

    1    1
  0.06446901  0.00000000   -0.01078659  0.00000000    0.06412288  0.00000000
 -0.01078659  0.00000000    0.06366089  0.00000000   -0.03707305  0.00000000
  0.06412288  0.00000000   -0.03707305  0.00000000    0.07074573  0.00000000

     Dynamical  Matrix in cartesian axes

     q = (   -0.416666667   0.166666667  -0.250000000 ) 

    1    1
  0.07074573  0.00000000   -0.03707305  0.00000000    0.06412288  0.00000000
 -0.03707305  0.00000000    0.06366089  0.00000000   -0.01078659  0.00000000
  0.06412288  0.00000000   -0.01078659  0.00000000    0.06446901  0.00000000

     Dynamical  Matrix in cartesian axes

     q = (   -0.416666667   0.250000000  -0.166666667 ) 

    1    1
  0.07074573  0.00000000   -0.06412288  0.00000000    0.03707305  0.00000000
 -0.06412288  0.00000000    0.06446901  0.00000000   -0.01078659  0.00000000
  0.03707305  0.00000000   -0.01078659  0.00000000    0.06366089  0.00000000

     Dynamical  Matrix in cartesian axes

     q = (    0.416666667   0.250000000   0.166666667 ) 

    1    1
  0.07074573  0.00000000    0.06412288  0.00000000    0.03707305  0.00000000
  0.06412288  0.00000000    0.06446901  0.00000000    0.01078659  0.00000000
  0.03707305  0.00000000    0.01078659  0.00000000    0.06366089  0.00000000

     Dynamical  Matrix in cartesian axes

     q = (    0.166666667  -0.250000000   0.416666667 ) 

    1    1
  0.06366089  0.00000000   -0.01078659  0.00000000    0.03707305  0.00000000
 -0.01078659  0.00000000    0.06446901  0.00000000   -0.06412288  0.00000000
  0.03707305  0.00000000   -0.06412288  0.00000000    0.07074573  0.00000000

     Dynamical  Matrix in cartesian axes

     q = (   -0.416666667  -0.250000000   0.166666667 ) 

    1    1
  0.07074573  0.00000000    0.06412288  0.00000000   -0.03707305  0.00000000
  0.06412288  0.00000000    0.06446901  0.00000000   -0.01078659  0.00000000
 -0.03707305  0.00000000   -0.01078659  0.00000000    0.06366089  0.00000000

     Dynamical  Matrix in cartesian axes

     q = (    0.166666667  -0.416666667  -0.250000000 ) 

    1    1
  0.06366089  0.00000000   -0.03707305  0.00000000   -0.01078659  0.00000000
 -0.03707305  0.00000000    0.07074573  0.00000000    0.06412288  0.00000000
 -0.01078659  0.00000000    0.06412288  0.00000000    0.06446901  0.00000000

     Dynamical  Matrix in cartesian axes

     q = (    0.166666667   0.416666667   0.250000000 ) 

    1    1
  0.06366089  0.00000000    0.03707305  0.00000000    0.01078659  0.00000000
  0.03707305  0.00000000    0.07074573  0.00000000    0.06412288  0.00000000
  0.01078659  0.00000000    0.06412288  0.00000000    0.06446901  0.00000000

     Dynamical  Matrix in cartesian axes

     q = (    0.250000000   0.166666667  -0.416666667 ) 

    1    1
  0.06446901  0.00000000    0.01078659  0.00000000   -0.06412288  0.00000000
  0.01078659  0.00000000    0.06366089  0.00000000   -0.03707305  0.00000000
 -0.06412288  0.00000000   -0.03707305  0.00000000    0.07074573  0.00000000

     Dynamical  Matrix in cartesian axes

     q = (   -0.166666667  -0.250000000  -0.416666667 ) 

    1    1
  0.06366089  0.00000000    0.01078659  0.00000000    0.03707305  0.00000000
  0.01078659  0.00000000    0.06446901  0.00000000    0.06412288  0.00000000
  0.03707305  0.00000000    0.06412288  0.00000000    0.07074573  0.00000000

     Dynamical  Matrix in cartesian axes

     q = (    0.416666667  -0.166666667  -0.250000000 ) 

    1    1
  0.07074573  0.00000000   -0.03707305  0.00000000   -0.06412288  0.00000000
 -0.03707305  0.00000000    0.06366089  0.00000000    0.01078659  0.00000000
 -0.06412288  0.00000000    0.01078659  0.00000000    0.06446901  0.00000000

     Dynamical  Matrix in cartesian axes

     q = (    0.250000000  -0.166666667   0.416666667 ) 

    1    1
  0.06446901  0.00000000   -0.01078659  0.00000000    0.06412288  0.00000000
 -0.01078659  0.00000000    0.06366089  0.00000000   -0.03707305  0.00000000
  0.06412288  0.00000000   -0.03707305  0.00000000    0.07074573  0.00000000

     Dynamical  Matrix in cartesian axes

     q = (   -0.166666667   0.416666667   0.250000000 ) 

    1    1
  0.06366089  0.00000000   -0.03707305  0.00000000   -0.01078659  0.00000000
 -0.03707305  0.00000000    0.07074573  0.00000000    0.06412288  0.00000000
 -0.01078659  0.00000000    0.06412288  0.00000000    0.06446901  0.00000000

     Dynamical  Matrix in cartesian axes

     q = (   -0.250000000   0.166666667   0.416666667 ) 

    1    1
  0.06446901  0.00000000   -0.01078659  0.00000000   -0.06412288  0.00000000
 -0.01078659  0.00000000    0.06366089  0.00000000    0.03707305  0.00000000
 -0.06412288  0.00000000    0.03707305  0.00000000    0.07074573  0.00000000

     Dynamical  Matrix in cartesian axes

     q = (   -0.166666667  -0.416666667  -0.250000000 ) 

    1    1
  0.06366089  0.00000000    0.03707305  0.00000000    0.01078659  0.00000000
  0.03707305  0.00000000    0.07074573  0.00000000    0.06412288  0.00000000
  0.01078659  0.00000000    0.06412288  0.00000000    0.06446901  0.00000000

     Dynamical  Matrix in cartesian axes

     q = (    0.416666667  -0.250000000  -0.166666667 ) 

    1    1
  0.07074573  0.00000000   -0.06412288  0.00000000   -0.03707305  0.00000000
 -0.06412288  0.00000000    0.06446901  0.00000000    0.01078659  0.00000000
 -0.03707305  0.00000000    0.01078659  0.00000000    0.06366089  0.00000000

     Dynamical  Matrix in cartesian axes

     q = (    0.166666667   0.250000000   0.416666667 ) 

    1    1
  0.06366089  0.00000000    0.01078659  0.00000000    0.03707305  0.00000000
  0.01078659  0.00000000    0.06446901  0.00000000    0.06412288  0.00000000
  0.03707305  0.00000000    0.06412288  0.00000000    0.07074573  0.00000000

     Dynamical  Matrix in cartesian axes

     q = (    0.250000000   0.166666667   0.416666667 ) 

    1    1
  0.06446901  0.00000000    0.01078659  0.00000000    0.06412288  0.00000000
  0.01078659  0.00000000    0.06366089  0.00000000    0.03707305  0.00000000
  0.06412288  0.00000000    0.03707305  0.00000000    0.07074573  0.00000000

     Dynamical  Matrix in cartesian axes

     q = (   -0.250000000  -0.416666667   0.166666667 ) 

    1    1
  0.06446901  0.00000000    0.06412288  0.00000000   -0.01078659  0.00000000
  0.06412288  0.00000000    0.07074573  0.00000000   -0.03707305  0.00000000
 -0.01078659  0.00000000   -0.03707305  0.00000000    0.06366089  0.00000000

     Dynamical  Matrix in cartesian axes

     q = (    0.416666667   0.250000000  -0.166666667 ) 

    1    1
  0.07074573  0.00000000    0.06412288  0.00000000   -0.03707305  0.00000000
  0.06412288  0.00000000    0.06446901  0.00000000   -0.01078659  0.00000000
 -0.03707305  0.00000000   -0.01078659  0.00000000    0.06366089  0.00000000

     Dynamical  Matrix in cartesian axes

     q = (   -0.416666667   0.250000000   0.166666667 ) 

    1    1
  0.07074573  0.00000000   -0.06412288  0.00000000   -0.03707305  0.00000000
 -0.06412288  0.00000000    0.06446901  0.00000000    0.01078659  0.00000000
 -0.03707305  0.00000000    0.01078659  0.00000000    0.06366089  0.00000000

     Dynamical  Matrix in cartesian axes

     q = (    0.416666667  -0.250000000   0.166666667 ) 

    1    1
  0.07074573  0.00000000   -0.06412288  0.00000000    0.03707305  0.00000000
 -0.06412288  0.00000000    0.06446901  0.00000000   -0.01078659  0.00000000
  0.03707305  0.00000000   -0.01078659  0.00000000    0.06366089  0.00000000

     Dynamical  Matrix in cartesian axes

     q = (   -0.416666667  -0.250000000  -0.166666667 ) 

    1    1
  0.07074573  0.00000000    0.06412288  0.00000000    0.03707305  0.00000000
  0.06412288  0.00000000    0.06446901  0.00000000    0.01078659  0.00000000
  0.03707305  0.00000000    0.01078659  0.00000000    0.06366089  0.00000000

     Dynamical  Matrix in cartesian axes

     q = (   -0.250000000  -0.166666667  -0.416666667 ) 

    1    1
  0.06446901  0.00000000    0.01078659  0.00000000    0.06412288  0.00000000
  0.01078659  0.00000000    0.06366089  0.00000000    0.03707305  0.00000000
  0.06412288  0.00000000    0.03707305  0.00000000    0.07074573  0.00000000

     Dynamical  Matrix in cartesian axes

     q = (    0.250000000  -0.416666667   0.166666667 ) 

    1    1
  0.06446901  0.00000000   -0.06412288  0.00000000    0.01078659  0.00000000
 -0.06412288  0.00000000    0.07074573  0.00000000   -0.03707305  0.00000000
  0.01078659  0.00000000   -0.03707305  0.00000000    0.06366089  0.00000000

     Dynamical  Matrix in cartesian axes

     q = (   -0.250000000  -0.416666667  -0.166666667 ) 

    1    1
  0.06446901  0.00000000    0.06412288  0.00000000    0.01078659  0.00000000
  0.06412288  0.00000000    0.07074573  0.00000000    0.03707305  0.00000000
  0.01078659  0.00000000    0.03707305  0.00000000    0.06366089  0.00000000

     Dynamical  Matrix in cartesian axes

     q = (    0.250000000   0.416666667  -0.166666667 ) 

    1    1
  0.06446901  0.00000000    0.06412288  0.00000000   -0.01078659  0.00000000
  0.06412288  0.00000000    0.07074573  0.00000000   -0.03707305  0.00000000
 -0.01078659  0.00000000   -0.03707305  0.00000000    0.06366089  0.00000000

     Dynamical  Matrix in cartesian axes

     q = (   -0.250000000   0.416666667   0.166666667 ) 

    1    1
  0.06446901  0.00000000   -0.06412288  0.00000000   -0.01078659  0.00000000
 -0.06412288  0.00000000    0.07074573  0.00000000    0.03707305  0.00000000
 -0.01078659  0.00000000    0.03707305  0.00000000    0.06366089  0.00000000

     Dynamical  Matrix in cartesian axes

     q = (   -0.416666667   0.166666667   0.250000000 ) 

    1    1
  0.07074573  0.00000000   -0.03707305  0.00000000   -0.06412288  0.00000000
 -0.03707305  0.00000000    0.06366089  0.00000000    0.01078659  0.00000000
 -0.06412288  0.00000000    0.01078659  0.00000000    0.06446901  0.00000000

     Dynamical  Matrix in cartesian axes

     q = (   -0.416666667  -0.166666667  -0.250000000 ) 

    1    1
  0.07074573  0.00000000    0.03707305  0.00000000    0.06412288  0.00000000
  0.03707305  0.00000000    0.06366089  0.00000000    0.01078659  0.00000000
  0.06412288  0.00000000    0.01078659  0.00000000    0.06446901  0.00000000

     Dynamical  Matrix in cartesian axes

     q = (    0.416666667  -0.166666667   0.250000000 ) 

    1    1
  0.07074573  0.00000000   -0.03707305  0.00000000    0.06412288  0.00000000
 -0.03707305  0.00000000    0.06366089  0.00000000   -0.01078659  0.00000000
  0.06412288  0.00000000   -0.01078659  0.00000000    0.06446901  0.00000000

     Dynamical  Matrix in cartesian axes

     q = (    0.416666667   0.166666667  -0.250000000 ) 

    1    1
  0.07074573  0.00000000    0.03707305  0.00000000   -0.06412288  0.00000000
  0.03707305  0.00000000    0.06366089  0.00000000   -0.01078659  0.00000000
 -0.06412288  0.00000000   -0.01078659  0.00000000    0.06446901  0.00000000

     Diagonalizing the dynamical matrix

     q = (   -0.166666667  -0.250000000   0.416666667 ) 

 **************************************************************************
     freq (    1) =      -0.966346 [THz] =     -32.233835 [cm-1]
 (  0.296504 -0.000000  0.637085 -0.000000  0.711483  0.000000 ) 
     freq (    2) =       4.901700 [THz] =     163.503101 [cm-1]
 (  0.871218  0.000000 -0.485622  0.000000  0.071770  0.000000 ) 
     freq (    3) =       8.026906 [THz] =     267.748748 [cm-1]
 ( -0.391236  0.000000 -0.598576  0.000000  0.699029  0.000000 ) 
 **************************************************************************
