Dynamical matrix file
                                                                           
  1    1  3  6.1240000  0.0000000  0.0000000  0.0000000  0.0000000  0.0000000
           1  'Al  '    24592.588541212976     
    1    1      0.0000000000      0.0000000000      0.0000000000

     Dynamical  Matrix in cartesian axes

     q = (   -0.083333333  -0.250000000   0.500000000 ) 

    1    1
  0.07594384  0.00000000    0.00064755  0.00000000   -0.01949372  0.00000000
  0.00064755  0.00000000    0.07674188  0.00000000   -0.07249284  0.00000000
 -0.01949372  0.00000000   -0.07249284  0.00000000    0.08639094  0.00000000

     Dynamical  Matrix in cartesian axes

     q = (   -0.250000000  -0.083333333   0.500000000 ) 

    1    1
  0.07674188  0.00000000    0.00064755  0.00000000   -0.07249284  0.00000000
  0.00064755  0.00000000    0.07594384  0.00000000   -0.01949372  0.00000000
 -0.07249284  0.00000000   -0.01949372  0.00000000    0.08639094  0.00000000

     Dynamical  Matrix in cartesian axes

     q = (   -0.083333333   0.500000000  -0.250000000 ) 

    1    1
  0.07594384  0.00000000   -0.01949372  0.00000000    0.00064755  0.00000000
 -0.01949372  0.00000000    0.08639094  0.00000000   -0.07249284  0.00000000
  0.00064755  0.00000000   -0.07249284  0.00000000    0.07674188  0.00000000

     Dynamical  Matrix in cartesian axes

     q = (    0.083333333   0.500000000  -0.250000000 ) 

    1    1
  0.07594384  0.00000000    0.01949372  0.00000000   -0.00064755  0.00000000
  0.01949372  0.00000000    0.08639094  0.00000000   -0.07249284  0.00000000
 -0.00064755  0.00000000   -0.07249284  0.00000000    0.07674188  0.00000000

     Dynamical  Matrix in cartesian axes

     q = (    0.250000000  -0.083333333   0.500000000 ) 

    1    1
  0.07674188  0.00000000   -0.00064755  0.00000000    0.07249284  0.00000000
 -0.00064755  0.00000000    0.07594384  0.00000000   -0.01949372  0.00000000
  0.07249284  0.00000000   -0.01949372  0.00000000    0.08639094  0.00000000

     Dynamical  Matrix in cartesian axes

     q = (   -0.250000000   0.083333333   0.500000000 ) 

    1    1
  0.07674188  0.00000000   -0.00064755  0.00000000   -0.07249284  0.00000000
 -0.00064755  0.00000000    0.07594384  0.00000000    0.01949372  0.00000000
 -0.07249284  0.00000000    0.01949372  0.00000000    0.08639094  0.00000000

     Dynamical  Matrix in cartesian axes

     q = (    0.083333333   0.250000000   0.500000000 ) 

    1    1
  0.07594384  0.00000000    0.00064755  0.00000000    0.01949372  0.00000000
  0.00064755  0.00000000    0.07674188  0.00000000    0.07249284  0.00000000
  0.01949372  0.00000000    0.07249284  0.00000000    0.08639094  0.00000000

     Dynamical  Matrix in cartesian axes

     q = (    0.250000000   0.083333333   0.500000000 ) 

    1    1
  0.07674188  0.00000000    0.00064755  0.00000000    0.07249284  0.00000000
  0.00064755  0.00000000    0.07594384  0.00000000    0.01949372  0.00000000
  0.07249284  0.00000000    0.01949372  0.00000000    0.08639094  0.00000000

     Dynamical  Matrix in cartesian axes

     q = (    0.250000000  -0.500000000  -0.083333333 ) 

    1    1
  0.07674188  0.00000000   -0.07249284  0.00000000   -0.00064755  0.00000000
 -0.07249284  0.00000000    0.08639094  0.00000000    0.01949372  0.00000000
 -0.00064755  0.00000000    0.01949372  0.00000000    0.07594384  0.00000000

     Dynamical  Matrix in cartesian axes

     q = (    0.250000000   0.500000000   0.083333333 ) 

    1    1
  0.07674188  0.00000000    0.07249284  0.00000000    0.00064755  0.00000000
  0.07249284  0.00000000    0.08639094  0.00000000    0.01949372  0.00000000
  0.00064755  0.00000000    0.01949372  0.00000000    0.07594384  0.00000000

     Dynamical  Matrix in cartesian axes

     q = (    0.500000000   0.083333333   0.250000000 ) 

    1    1
  0.08639094  0.00000000    0.01949372  0.00000000    0.07249284  0.00000000
  0.01949372  0.00000000    0.07594384  0.00000000    0.00064755  0.00000000
  0.07249284  0.00000000    0.00064755  0.00000000    0.07674188  0.00000000

     Dynamical  Matrix in cartesian axes

     q = (   -0.083333333   0.250000000   0.500000000 ) 

    1    1
  0.07594384  0.00000000   -0.00064755  0.00000000   -0.01949372  0.00000000
 -0.00064755  0.00000000    0.07674188  0.00000000    0.07249284  0.00000000
 -0.01949372  0.00000000    0.07249284  0.00000000    0.08639094  0.00000000

     Dynamical  Matrix in cartesian axes

     q = (   -0.500000000  -0.083333333   0.250000000 ) 

    1    1
  0.08639094  0.00000000    0.01949372  0.00000000   -0.07249284  0.00000000
  0.01949372  0.00000000    0.07594384  0.00000000   -0.00064755  0.00000000
 -0.07249284  0.00000000   -0.00064755  0.00000000    0.07674188  0.00000000

     Dynamical  Matrix in cartesian axes

     q = (    0.083333333  -0.250000000  -0.500000000 ) 

    1    1
  0.07594384  0.00000000   -0.00064755  0.00000000   -0.01949372  0.00000000
 -0.00064755  0.00000000    0.07674188  0.00000000    0.07249284  0.00000000
 -0.01949372  0.00000000    0.07249284  0.00000000    0.08639094  0.00000000

     Dynamical  Matrix in cartesian axes

     q = (   -0.083333333  -0.500000000   0.250000000 ) 

    1    1
  0.07594384  0.00000000    0.01949372  0.00000000   -0.00064755  0.00000000
  0.01949372  0.00000000    0.08639094  0.00000000   -0.07249284  0.00000000
 -0.00064755  0.00000000   -0.07249284  0.00000000    0.07674188  0.00000000

     Dynamical  Matrix in cartesian axes

     q = (    0.250000000  -0.083333333  -0.500000000 ) 

    1    1
  0.07674188  0.00000000   -0.00064755  0.00000000   -0.07249284  0.00000000
 -0.00064755  0.00000000    0.07594384  0.00000000    0.01949372  0.00000000
 -0.07249284  0.00000000    0.01949372  0.00000000    0.08639094  0.00000000

     Dynamical  Matrix in cartesian axes

     q = (   -0.250000000   0.083333333  -0.500000000 ) 

    1    1
  0.07674188  0.00000000   -0.00064755  0.00000000    0.07249284  0.00000000
 -0.00064755  0.00000000    0.07594384  0.00000000   -0.01949372  0.00000000
  0.07249284  0.00000000   -0.01949372  0.00000000    0.08639094  0.00000000

     Dynamical  Matrix in cartesian axes

     q = (   -0.500000000   0.083333333  -0.250000000 ) 

    1    1
  0.08639094  0.00000000   -0.01949372  0.00000000    0.07249284  0.00000000
 -0.01949372  0.00000000    0.07594384  0.00000000   -0.00064755  0.00000000
  0.07249284  0.00000000   -0.00064755  0.00000000    0.07674188  0.00000000

     Dynamical  Matrix in cartesian axes

     q = (   -0.500000000   0.250000000  -0.083333333 ) 

    1    1
  0.08639094  0.00000000   -0.07249284  0.00000000    0.01949372  0.00000000
 -0.07249284  0.00000000    0.07674188  0.00000000   -0.00064755  0.00000000
  0.01949372  0.00000000   -0.00064755  0.00000000    0.07594384  0.00000000

     Dynamical  Matrix in cartesian axes

     q = (    0.500000000   0.250000000   0.083333333 ) 

    1    1
  0.08639094  0.00000000    0.07249284  0.00000000    0.01949372  0.00000000
  0.07249284  0.00000000    0.07674188  0.00000000    0.00064755  0.00000000
  0.01949372  0.00000000    0.00064755  0.00000000    0.07594384  0.00000000

     Dynamical  Matrix in cartesian axes

     q = (   -0.250000000   0.500000000  -0.083333333 ) 

    1    1
  0.07674188  0.00000000   -0.07249284  0.00000000    0.00064755  0.00000000
 -0.07249284  0.00000000    0.08639094  0.00000000   -0.01949372  0.00000000
  0.00064755  0.00000000   -0.01949372  0.00000000    0.07594384  0.00000000

     Dynamical  Matrix in cartesian axes

     q = (   -0.500000000  -0.250000000   0.083333333 ) 

    1    1
  0.08639094  0.00000000    0.07249284  0.00000000   -0.01949372  0.00000000
  0.07249284  0.00000000    0.07674188  0.00000000   -0.00064755  0.00000000
 -0.01949372  0.00000000   -0.00064755  0.00000000    0.07594384  0.00000000

     Dynamical  Matrix in cartesian axes

     q = (    0.083333333  -0.500000000  -0.250000000 ) 

    1    1
  0.07594384  0.00000000   -0.01949372  0.00000000   -0.00064755  0.00000000
 -0.01949372  0.00000000    0.08639094  0.00000000    0.07249284  0.00000000
 -0.00064755  0.00000000    0.07249284  0.00000000    0.07674188  0.00000000

     Dynamical  Matrix in cartesian axes

     q = (    0.083333333   0.500000000   0.250000000 ) 

    1    1
  0.07594384  0.00000000    0.01949372  0.00000000    0.00064755  0.00000000
  0.01949372  0.00000000    0.08639094  0.00000000    0.07249284  0.00000000
  0.00064755  0.00000000    0.07249284  0.00000000    0.07674188  0.00000000

     Dynamical  Matrix in cartesian axes

     q = (    0.250000000   0.083333333  -0.500000000 ) 

    1    1
  0.07674188  0.00000000    0.00064755  0.00000000   -0.07249284  0.00000000
  0.00064755  0.00000000    0.07594384  0.00000000   -0.01949372  0.00000000
 -0.07249284  0.00000000   -0.01949372  0.00000000    0.08639094  0.00000000

     Dynamical  Matrix in cartesian axes

     q = (   -0.083333333  -0.250000000  -0.500000000 ) 

    1    1
  0.07594384  0.00000000    0.00064755  0.00000000    0.01949372  0.00000000
  0.00064755  0.00000000    0.07674188  0.00000000    0.07249284  0.00000000
  0.01949372  0.00000000    0.07249284  0.00000000    0.08639094  0.00000000

     Dynamical  Matrix in cartesian axes

     q = (   -0.083333333   0.250000000  -0.500000000 ) 

    1    1
  0.07594384  0.00000000   -0.00064755  0.00000000    0.01949372  0.00000000
 -0.00064755  0.00000000    0.07674188  0.00000000   -0.07249284  0.00000000
  0.01949372  0.00000000   -0.07249284  0.00000000    0.08639094  0.00000000

     Dynamical  Matrix in cartesian axes

     q = (    0.500000000  -0.083333333  -0.250000000 ) 

    1    1
  0.08639094  0.00000000   -0.01949372  0.00000000   -0.07249284  0.00000000
 -0.01949372  0.00000000    0.07594384  0.00000000    0.00064755  0.00000000
 -0.07249284  0.00000000    0.00064755  0.00000000    0.07674188  0.00000000

     Dynamical  Matrix in cartesian axes

     q = (   -0.083333333   0.500000000   0.250000000 ) 

    1    1
  0.07594384  0.00000000   -0.01949372  0.00000000   -0.00064755  0.00000000
 -0.01949372  0.00000000    0.08639094  0.00000000    0.07249284  0.00000000
 -0.00064755  0.00000000    0.07249284  0.00000000    0.07674188  0.00000000

     Dynamical  Matrix in cartesian axes

     q = (    0.500000000  -0.250000000  -0.083333333 ) 

    1    1
  0.08639094  0.00000000   -0.07249284  0.00000000   -0.01949372  0.00000000
 -0.07249284  0.00000000    0.07674188  0.00000000    0.00064755  0.00000000
 -0.01949372  0.00000000    0.00064755  0.00000000    0.07594384  0.00000000

     Dynamical  Matrix in cartesian axes

     q = (   -0.083333333  -0.500000000  -0.250000000 ) 

    1    1
  0.07594384  0.00000000    0.01949372  0.00000000    0.00064755  0.00000000
  0.01949372  0.00000000    0.08639094  0.00000000    0.07249284  0.00000000
  0.00064755  0.00000000    0.07249284  0.00000000    0.07674188  0.00000000

     Dynamical  Matrix in cartesian axes

     q = (    0.083333333  -0.500000000   0.250000000 ) 

    1    1
  0.07594384  0.00000000   -0.01949372  0.00000000    0.00064755  0.00000000
 -0.01949372  0.00000000    0.08639094  0.00000000   -0.07249284  0.00000000
  0.00064755  0.00000000   -0.07249284  0.00000000    0.07674188  0.00000000

     Dynamical  Matrix in cartesian axes

     q = (    0.083333333  -0.250000000   0.500000000 ) 

    1    1
  0.07594384  0.00000000   -0.00064755  0.00000000    0.01949372  0.00000000
 -0.00064755  0.00000000    0.07674188  0.00000000   -0.07249284  0.00000000
  0.01949372  0.00000000   -0.07249284  0.00000000    0.08639094  0.00000000

     Dynamical  Matrix in cartesian axes

     q = (    0.083333333   0.250000000  -0.500000000 ) 

    1    1
  0.07594384  0.00000000    0.00064755  0.00000000   -0.01949372  0.00000000
  0.00064755  0.00000000    0.07674188  0.00000000   -0.07249284  0.00000000
 -0.01949372  0.00000000   -0.07249284  0.00000000    0.08639094  0.00000000

     Dynamical  Matrix in cartesian axes

     q = (   -0.250000000  -0.500000000   0.083333333 ) 

    1    1
  0.07674188  0.00000000    0.07249284  0.00000000   -0.00064755  0.00000000
  0.07249284  0.00000000    0.08639094  0.00000000   -0.01949372  0.00000000
 -0.00064755  0.00000000   -0.01949372  0.00000000    0.07594384  0.00000000

     Dynamical  Matrix in cartesian axes

     q = (    0.500000000   0.250000000  -0.083333333 ) 

    1    1
  0.08639094  0.00000000    0.07249284  0.00000000   -0.01949372  0.00000000
  0.07249284  0.00000000    0.07674188  0.00000000   -0.00064755  0.00000000
 -0.01949372  0.00000000   -0.00064755  0.00000000    0.07594384  0.00000000

     Dynamical  Matrix in cartesian axes

     q = (   -0.500000000   0.250000000   0.083333333 ) 

    1    1
  0.08639094  0.00000000   -0.07249284  0.00000000   -0.01949372  0.00000000
 -0.07249284  0.00000000    0.07674188  0.00000000    0.00064755  0.00000000
 -0.01949372  0.00000000    0.00064755  0.00000000    0.07594384  0.00000000

     Dynamical  Matrix in cartesian axes

     q = (    0.500000000  -0.250000000   0.083333333 ) 

    1    1
  0.08639094  0.00000000   -0.07249284  0.00000000    0.01949372  0.00000000
 -0.07249284  0.00000000    0.07674188  0.00000000   -0.00064755  0.00000000
  0.01949372  0.00000000   -0.00064755  0.00000000    0.07594384  0.00000000

     Dynamical  Matrix in cartesian axes

     q = (   -0.500000000  -0.250000000  -0.083333333 ) 

    1    1
  0.08639094  0.00000000    0.07249284  0.00000000    0.01949372  0.00000000
  0.07249284  0.00000000    0.07674188  0.00000000    0.00064755  0.00000000
  0.01949372  0.00000000    0.00064755  0.00000000    0.07594384  0.00000000

     Dynamical  Matrix in cartesian axes

     q = (   -0.250000000  -0.083333333  -0.500000000 ) 

    1    1
  0.07674188  0.00000000    0.00064755  0.00000000    0.07249284  0.00000000
  0.00064755  0.00000000    0.07594384  0.00000000    0.01949372  0.00000000
  0.07249284  0.00000000    0.01949372  0.00000000    0.08639094  0.00000000

     Dynamical  Matrix in cartesian axes

     q = (    0.250000000  -0.500000000   0.083333333 ) 

    1    1
  0.07674188  0.00000000   -0.07249284  0.00000000    0.00064755  0.00000000
 -0.07249284  0.00000000    0.08639094  0.00000000   -0.01949372  0.00000000
  0.00064755  0.00000000   -0.01949372  0.00000000    0.07594384  0.00000000

     Dynamical  Matrix in cartesian axes

     q = (   -0.250000000  -0.500000000  -0.083333333 ) 

    1    1
  0.07674188  0.00000000    0.07249284  0.00000000    0.00064755  0.00000000
  0.07249284  0.00000000    0.08639094  0.00000000    0.01949372  0.00000000
  0.00064755  0.00000000    0.01949372  0.00000000    0.07594384  0.00000000

     Dynamical  Matrix in cartesian axes

     q = (    0.250000000   0.500000000  -0.083333333 ) 

    1    1
  0.07674188  0.00000000    0.07249284  0.00000000   -0.00064755  0.00000000
  0.07249284  0.00000000    0.08639094  0.00000000   -0.01949372  0.00000000
 -0.00064755  0.00000000   -0.01949372  0.00000000    0.07594384  0.00000000

     Dynamical  Matrix in cartesian axes

     q = (   -0.250000000   0.500000000   0.083333333 ) 

    1    1
  0.07674188  0.00000000   -0.07249284  0.00000000   -0.00064755  0.00000000
 -0.07249284  0.00000000    0.08639094  0.00000000    0.01949372  0.00000000
 -0.00064755  0.00000000    0.01949372  0.00000000    0.07594384  0.00000000

     Dynamical  Matrix in cartesian axes

     q = (   -0.500000000   0.083333333   0.250000000 ) 

    1    1
  0.08639094  0.00000000   -0.01949372  0.00000000   -0.07249284  0.00000000
 -0.01949372  0.00000000    0.07594384  0.00000000    0.00064755  0.00000000
 -0.07249284  0.00000000    0.00064755  0.00000000    0.07674188  0.00000000

     Dynamical  Matrix in cartesian axes

     q = (   -0.500000000  -0.083333333  -0.250000000 ) 

    1    1
  0.08639094  0.00000000    0.01949372  0.00000000    0.07249284  0.00000000
  0.01949372  0.00000000    0.07594384  0.00000000    0.00064755  0.00000000
  0.07249284  0.00000000    0.00064755  0.00000000    0.07674188  0.00000000

     Dynamical  Matrix in cartesian axes

     q = (    0.500000000  -0.083333333   0.250000000 ) 

    1    1
  0.08639094  0.00000000   -0.01949372  0.00000000    0.07249284  0.00000000
 -0.01949372  0.00000000    0.07594384  0.00000000   -0.00064755  0.00000000
  0.07249284  0.00000000   -0.00064755  0.00000000    0.07674188  0.00000000

     Dynamical  Matrix in cartesian axes

     q = (    0.500000000   0.083333333  -0.250000000 ) 

    1    1
  0.08639094  0.00000000    0.01949372  0.00000000   -0.07249284  0.00000000
  0.01949372  0.00000000    0.07594384  0.00000000   -0.00064755  0.00000000
 -0.07249284  0.00000000   -0.00064755  0.00000000    0.07674188  0.00000000

     Diagonalizing the dynamical matrix

     q = (   -0.083333333  -0.250000000   0.500000000 ) 

 **************************************************************************
     freq (    1) =       1.689579 [THz] =      56.358275 [cm-1]
 (  0.185596 -0.000000  0.704797 -0.000000  0.684701  0.000000 ) 
     freq (    2) =       5.770903 [THz] =     192.496588 [cm-1]
 (  0.965861  0.000000 -0.259014  0.000000  0.004809  0.000000 ) 
     freq (    3) =       8.310132 [THz] =     277.196177 [cm-1]
 ( -0.180737  0.000000 -0.660434  0.000000  0.728808  0.000000 ) 
 **************************************************************************
