Dynamical matrix file
                                                                           
  1    1  3  6.1240000  0.0000000  0.0000000  0.0000000  0.0000000  0.0000000
           1  'Al  '    24592.588541212976     
    1    1      0.0000000000      0.0000000000      0.0000000000

     Dynamical  Matrix in cartesian axes

     q = (   -0.083333333  -0.166666667   0.583333333 ) 

    1    1
  0.09414922  0.00000000   -0.00321934  0.00000000   -0.02156385  0.00000000
 -0.00321934  0.00000000    0.09436168  0.00000000   -0.04714387  0.00000000
 -0.02156385  0.00000000   -0.04714387  0.00000000    0.10728717  0.00000000

     Dynamical  Matrix in cartesian axes

     q = (   -0.166666667  -0.083333333   0.583333333 ) 

    1    1
  0.09436168  0.00000000   -0.00321934  0.00000000   -0.04714387  0.00000000
 -0.00321934  0.00000000    0.09414922  0.00000000   -0.02156385  0.00000000
 -0.04714387  0.00000000   -0.02156385  0.00000000    0.10728717  0.00000000

     Dynamical  Matrix in cartesian axes

     q = (    0.083333333   0.583333333  -0.166666667 ) 

    1    1
  0.09414922  0.00000000    0.02156385  0.00000000    0.00321934  0.00000000
  0.02156385  0.00000000    0.10728717  0.00000000   -0.04714387  0.00000000
  0.00321934  0.00000000   -0.04714387  0.00000000    0.09436168  0.00000000

     Dynamical  Matrix in cartesian axes

     q = (   -0.083333333   0.583333333  -0.166666667 ) 

    1    1
  0.09414922  0.00000000   -0.02156385  0.00000000   -0.00321934  0.00000000
 -0.02156385  0.00000000    0.10728717  0.00000000   -0.04714387  0.00000000
 -0.00321934  0.00000000   -0.04714387  0.00000000    0.09436168  0.00000000

     Dynamical  Matrix in cartesian axes

     q = (   -0.083333333   0.166666667   0.583333333 ) 

    1    1
  0.09414922  0.00000000    0.00321934  0.00000000   -0.02156385  0.00000000
  0.00321934  0.00000000    0.09436168  0.00000000    0.04714387  0.00000000
 -0.02156385  0.00000000    0.04714387  0.00000000    0.10728717  0.00000000

     Dynamical  Matrix in cartesian axes

     q = (    0.166666667  -0.083333333   0.583333333 ) 

    1    1
  0.09436168  0.00000000    0.00321934  0.00000000    0.04714387  0.00000000
  0.00321934  0.00000000    0.09414922  0.00000000   -0.02156385  0.00000000
  0.04714387  0.00000000   -0.02156385  0.00000000    0.10728717  0.00000000

     Dynamical  Matrix in cartesian axes

     q = (   -0.166666667   0.083333333   0.583333333 ) 

    1    1
  0.09436168  0.00000000    0.00321934  0.00000000   -0.04714387  0.00000000
  0.00321934  0.00000000    0.09414922  0.00000000    0.02156385  0.00000000
 -0.04714387  0.00000000    0.02156385  0.00000000    0.10728717  0.00000000

     Dynamical  Matrix in cartesian axes

     q = (    0.083333333  -0.166666667   0.583333333 ) 

    1    1
  0.09414922  0.00000000    0.00321934  0.00000000    0.02156385  0.00000000
  0.00321934  0.00000000    0.09436168  0.00000000   -0.04714387  0.00000000
  0.02156385  0.00000000   -0.04714387  0.00000000    0.10728717  0.00000000

     Dynamical  Matrix in cartesian axes

     q = (    0.166666667  -0.583333333  -0.083333333 ) 

    1    1
  0.09436168  0.00000000   -0.04714387  0.00000000    0.00321934  0.00000000
 -0.04714387  0.00000000    0.10728717  0.00000000    0.02156385  0.00000000
  0.00321934  0.00000000    0.02156385  0.00000000    0.09414922  0.00000000

     Dynamical  Matrix in cartesian axes

     q = (    0.083333333   0.166666667   0.583333333 ) 

    1    1
  0.09414922  0.00000000   -0.00321934  0.00000000    0.02156385  0.00000000
 -0.00321934  0.00000000    0.09436168  0.00000000    0.04714387  0.00000000
  0.02156385  0.00000000    0.04714387  0.00000000    0.10728717  0.00000000

     Dynamical  Matrix in cartesian axes

     q = (    0.583333333   0.083333333   0.166666667 ) 

    1    1
  0.10728717  0.00000000    0.02156385  0.00000000    0.04714387  0.00000000
  0.02156385  0.00000000    0.09414922  0.00000000   -0.00321934  0.00000000
  0.04714387  0.00000000   -0.00321934  0.00000000    0.09436168  0.00000000

     Dynamical  Matrix in cartesian axes

     q = (   -0.583333333   0.083333333  -0.166666667 ) 

    1    1
  0.10728717  0.00000000   -0.02156385  0.00000000    0.04714387  0.00000000
 -0.02156385  0.00000000    0.09414922  0.00000000    0.00321934  0.00000000
  0.04714387  0.00000000    0.00321934  0.00000000    0.09436168  0.00000000

     Dynamical  Matrix in cartesian axes

     q = (   -0.583333333  -0.083333333   0.166666667 ) 

    1    1
  0.10728717  0.00000000    0.02156385  0.00000000   -0.04714387  0.00000000
  0.02156385  0.00000000    0.09414922  0.00000000    0.00321934  0.00000000
 -0.04714387  0.00000000    0.00321934  0.00000000    0.09436168  0.00000000

     Dynamical  Matrix in cartesian axes

     q = (    0.083333333  -0.166666667  -0.583333333 ) 

    1    1
  0.09414922  0.00000000    0.00321934  0.00000000   -0.02156385  0.00000000
  0.00321934  0.00000000    0.09436168  0.00000000    0.04714387  0.00000000
 -0.02156385  0.00000000    0.04714387  0.00000000    0.10728717  0.00000000

     Dynamical  Matrix in cartesian axes

     q = (   -0.083333333  -0.583333333   0.166666667 ) 

    1    1
  0.09414922  0.00000000    0.02156385  0.00000000    0.00321934  0.00000000
  0.02156385  0.00000000    0.10728717  0.00000000   -0.04714387  0.00000000
  0.00321934  0.00000000   -0.04714387  0.00000000    0.09436168  0.00000000

     Dynamical  Matrix in cartesian axes

     q = (    0.166666667  -0.083333333  -0.583333333 ) 

    1    1
  0.09436168  0.00000000    0.00321934  0.00000000   -0.04714387  0.00000000
  0.00321934  0.00000000    0.09414922  0.00000000    0.02156385  0.00000000
 -0.04714387  0.00000000    0.02156385  0.00000000    0.10728717  0.00000000

     Dynamical  Matrix in cartesian axes

     q = (   -0.166666667   0.083333333  -0.583333333 ) 

    1    1
  0.09436168  0.00000000    0.00321934  0.00000000    0.04714387  0.00000000
  0.00321934  0.00000000    0.09414922  0.00000000   -0.02156385  0.00000000
  0.04714387  0.00000000   -0.02156385  0.00000000    0.10728717  0.00000000

     Dynamical  Matrix in cartesian axes

     q = (   -0.583333333  -0.166666667   0.083333333 ) 

    1    1
  0.10728717  0.00000000    0.04714387  0.00000000   -0.02156385  0.00000000
  0.04714387  0.00000000    0.09436168  0.00000000    0.00321934  0.00000000
 -0.02156385  0.00000000    0.00321934  0.00000000    0.09414922  0.00000000

     Dynamical  Matrix in cartesian axes

     q = (   -0.583333333   0.166666667  -0.083333333 ) 

    1    1
  0.10728717  0.00000000   -0.04714387  0.00000000    0.02156385  0.00000000
 -0.04714387  0.00000000    0.09436168  0.00000000    0.00321934  0.00000000
  0.02156385  0.00000000    0.00321934  0.00000000    0.09414922  0.00000000

     Dynamical  Matrix in cartesian axes

     q = (    0.583333333   0.166666667   0.083333333 ) 

    1    1
  0.10728717  0.00000000    0.04714387  0.00000000    0.02156385  0.00000000
  0.04714387  0.00000000    0.09436168  0.00000000   -0.00321934  0.00000000
  0.02156385  0.00000000   -0.00321934  0.00000000    0.09414922  0.00000000

     Dynamical  Matrix in cartesian axes

     q = (   -0.166666667   0.583333333  -0.083333333 ) 

    1    1
  0.09436168  0.00000000   -0.04714387  0.00000000   -0.00321934  0.00000000
 -0.04714387  0.00000000    0.10728717  0.00000000   -0.02156385  0.00000000
 -0.00321934  0.00000000   -0.02156385  0.00000000    0.09414922  0.00000000

     Dynamical  Matrix in cartesian axes

     q = (    0.166666667   0.083333333   0.583333333 ) 

    1    1
  0.09436168  0.00000000   -0.00321934  0.00000000    0.04714387  0.00000000
 -0.00321934  0.00000000    0.09414922  0.00000000    0.02156385  0.00000000
  0.04714387  0.00000000    0.02156385  0.00000000    0.10728717  0.00000000

     Dynamical  Matrix in cartesian axes

     q = (    0.083333333  -0.583333333  -0.166666667 ) 

    1    1
  0.09414922  0.00000000   -0.02156385  0.00000000    0.00321934  0.00000000
 -0.02156385  0.00000000    0.10728717  0.00000000    0.04714387  0.00000000
  0.00321934  0.00000000    0.04714387  0.00000000    0.09436168  0.00000000

     Dynamical  Matrix in cartesian axes

     q = (    0.083333333   0.583333333   0.166666667 ) 

    1    1
  0.09414922  0.00000000    0.02156385  0.00000000   -0.00321934  0.00000000
  0.02156385  0.00000000    0.10728717  0.00000000    0.04714387  0.00000000
 -0.00321934  0.00000000    0.04714387  0.00000000    0.09436168  0.00000000

     Dynamical  Matrix in cartesian axes

     q = (    0.166666667   0.083333333  -0.583333333 ) 

    1    1
  0.09436168  0.00000000   -0.00321934  0.00000000   -0.04714387  0.00000000
 -0.00321934  0.00000000    0.09414922  0.00000000   -0.02156385  0.00000000
 -0.04714387  0.00000000   -0.02156385  0.00000000    0.10728717  0.00000000

     Dynamical  Matrix in cartesian axes

     q = (   -0.083333333  -0.166666667  -0.583333333 ) 

    1    1
  0.09414922  0.00000000   -0.00321934  0.00000000    0.02156385  0.00000000
 -0.00321934  0.00000000    0.09436168  0.00000000    0.04714387  0.00000000
  0.02156385  0.00000000    0.04714387  0.00000000    0.10728717  0.00000000

     Dynamical  Matrix in cartesian axes

     q = (   -0.083333333   0.166666667  -0.583333333 ) 

    1    1
  0.09414922  0.00000000    0.00321934  0.00000000    0.02156385  0.00000000
  0.00321934  0.00000000    0.09436168  0.00000000   -0.04714387  0.00000000
  0.02156385  0.00000000   -0.04714387  0.00000000    0.10728717  0.00000000

     Dynamical  Matrix in cartesian axes

     q = (    0.583333333  -0.083333333  -0.166666667 ) 

    1    1
  0.10728717  0.00000000   -0.02156385  0.00000000   -0.04714387  0.00000000
 -0.02156385  0.00000000    0.09414922  0.00000000   -0.00321934  0.00000000
 -0.04714387  0.00000000   -0.00321934  0.00000000    0.09436168  0.00000000

     Dynamical  Matrix in cartesian axes

     q = (   -0.083333333   0.583333333   0.166666667 ) 

    1    1
  0.09414922  0.00000000   -0.02156385  0.00000000    0.00321934  0.00000000
 -0.02156385  0.00000000    0.10728717  0.00000000    0.04714387  0.00000000
  0.00321934  0.00000000    0.04714387  0.00000000    0.09436168  0.00000000

     Dynamical  Matrix in cartesian axes

     q = (    0.583333333  -0.166666667  -0.083333333 ) 

    1    1
  0.10728717  0.00000000   -0.04714387  0.00000000   -0.02156385  0.00000000
 -0.04714387  0.00000000    0.09436168  0.00000000   -0.00321934  0.00000000
 -0.02156385  0.00000000   -0.00321934  0.00000000    0.09414922  0.00000000

     Dynamical  Matrix in cartesian axes

     q = (   -0.083333333  -0.583333333  -0.166666667 ) 

    1    1
  0.09414922  0.00000000    0.02156385  0.00000000   -0.00321934  0.00000000
  0.02156385  0.00000000    0.10728717  0.00000000    0.04714387  0.00000000
 -0.00321934  0.00000000    0.04714387  0.00000000    0.09436168  0.00000000

     Dynamical  Matrix in cartesian axes

     q = (    0.083333333  -0.583333333   0.166666667 ) 

    1    1
  0.09414922  0.00000000   -0.02156385  0.00000000   -0.00321934  0.00000000
 -0.02156385  0.00000000    0.10728717  0.00000000   -0.04714387  0.00000000
 -0.00321934  0.00000000   -0.04714387  0.00000000    0.09436168  0.00000000

     Dynamical  Matrix in cartesian axes

     q = (    0.166666667   0.583333333   0.083333333 ) 

    1    1
  0.09436168  0.00000000    0.04714387  0.00000000   -0.00321934  0.00000000
  0.04714387  0.00000000    0.10728717  0.00000000    0.02156385  0.00000000
 -0.00321934  0.00000000    0.02156385  0.00000000    0.09414922  0.00000000

     Dynamical  Matrix in cartesian axes

     q = (    0.083333333   0.166666667  -0.583333333 ) 

    1    1
  0.09414922  0.00000000   -0.00321934  0.00000000   -0.02156385  0.00000000
 -0.00321934  0.00000000    0.09436168  0.00000000   -0.04714387  0.00000000
 -0.02156385  0.00000000   -0.04714387  0.00000000    0.10728717  0.00000000

     Dynamical  Matrix in cartesian axes

     q = (   -0.166666667  -0.583333333   0.083333333 ) 

    1    1
  0.09436168  0.00000000    0.04714387  0.00000000    0.00321934  0.00000000
  0.04714387  0.00000000    0.10728717  0.00000000   -0.02156385  0.00000000
  0.00321934  0.00000000   -0.02156385  0.00000000    0.09414922  0.00000000

     Dynamical  Matrix in cartesian axes

     q = (    0.583333333   0.166666667  -0.083333333 ) 

    1    1
  0.10728717  0.00000000    0.04714387  0.00000000   -0.02156385  0.00000000
  0.04714387  0.00000000    0.09436168  0.00000000    0.00321934  0.00000000
 -0.02156385  0.00000000    0.00321934  0.00000000    0.09414922  0.00000000

     Dynamical  Matrix in cartesian axes

     q = (   -0.583333333   0.166666667   0.083333333 ) 

    1    1
  0.10728717  0.00000000   -0.04714387  0.00000000   -0.02156385  0.00000000
 -0.04714387  0.00000000    0.09436168  0.00000000   -0.00321934  0.00000000
 -0.02156385  0.00000000   -0.00321934  0.00000000    0.09414922  0.00000000

     Dynamical  Matrix in cartesian axes

     q = (    0.583333333  -0.166666667   0.083333333 ) 

    1    1
  0.10728717  0.00000000   -0.04714387  0.00000000    0.02156385  0.00000000
 -0.04714387  0.00000000    0.09436168  0.00000000    0.00321934  0.00000000
  0.02156385  0.00000000    0.00321934  0.00000000    0.09414922  0.00000000

     Dynamical  Matrix in cartesian axes

     q = (   -0.583333333  -0.166666667  -0.083333333 ) 

    1    1
  0.10728717  0.00000000    0.04714387  0.00000000    0.02156385  0.00000000
  0.04714387  0.00000000    0.09436168  0.00000000   -0.00321934  0.00000000
  0.02156385  0.00000000   -0.00321934  0.00000000    0.09414922  0.00000000

     Dynamical  Matrix in cartesian axes

     q = (   -0.166666667  -0.083333333  -0.583333333 ) 

    1    1
  0.09436168  0.00000000   -0.00321934  0.00000000    0.04714387  0.00000000
 -0.00321934  0.00000000    0.09414922  0.00000000    0.02156385  0.00000000
  0.04714387  0.00000000    0.02156385  0.00000000    0.10728717  0.00000000

     Dynamical  Matrix in cartesian axes

     q = (    0.166666667  -0.583333333   0.083333333 ) 

    1    1
  0.09436168  0.00000000   -0.04714387  0.00000000   -0.00321934  0.00000000
 -0.04714387  0.00000000    0.10728717  0.00000000   -0.02156385  0.00000000
 -0.00321934  0.00000000   -0.02156385  0.00000000    0.09414922  0.00000000

     Dynamical  Matrix in cartesian axes

     q = (   -0.166666667  -0.583333333  -0.083333333 ) 

    1    1
  0.09436168  0.00000000    0.04714387  0.00000000   -0.00321934  0.00000000
  0.04714387  0.00000000    0.10728717  0.00000000    0.02156385  0.00000000
 -0.00321934  0.00000000    0.02156385  0.00000000    0.09414922  0.00000000

     Dynamical  Matrix in cartesian axes

     q = (    0.166666667   0.583333333  -0.083333333 ) 

    1    1
  0.09436168  0.00000000    0.04714387  0.00000000    0.00321934  0.00000000
  0.04714387  0.00000000    0.10728717  0.00000000   -0.02156385  0.00000000
  0.00321934  0.00000000   -0.02156385  0.00000000    0.09414922  0.00000000

     Dynamical  Matrix in cartesian axes

     q = (   -0.166666667   0.583333333   0.083333333 ) 

    1    1
  0.09436168  0.00000000   -0.04714387  0.00000000    0.00321934  0.00000000
 -0.04714387  0.00000000    0.10728717  0.00000000    0.02156385  0.00000000
  0.00321934  0.00000000    0.02156385  0.00000000    0.09414922  0.00000000

     Dynamical  Matrix in cartesian axes

     q = (   -0.583333333   0.083333333   0.166666667 ) 

    1    1
  0.10728717  0.00000000   -0.02156385  0.00000000   -0.04714387  0.00000000
 -0.02156385  0.00000000    0.09414922  0.00000000   -0.00321934  0.00000000
 -0.04714387  0.00000000   -0.00321934  0.00000000    0.09436168  0.00000000

     Dynamical  Matrix in cartesian axes

     q = (   -0.583333333  -0.083333333  -0.166666667 ) 

    1    1
  0.10728717  0.00000000    0.02156385  0.00000000    0.04714387  0.00000000
  0.02156385  0.00000000    0.09414922  0.00000000   -0.00321934  0.00000000
  0.04714387  0.00000000   -0.00321934  0.00000000    0.09436168  0.00000000

     Dynamical  Matrix in cartesian axes

     q = (    0.583333333  -0.083333333   0.166666667 ) 

    1    1
  0.10728717  0.00000000   -0.02156385  0.00000000    0.04714387  0.00000000
 -0.02156385  0.00000000    0.09414922  0.00000000    0.00321934  0.00000000
  0.04714387  0.00000000    0.00321934  0.00000000    0.09436168  0.00000000

     Dynamical  Matrix in cartesian axes

     q = (    0.583333333   0.083333333  -0.166666667 ) 

    1    1
  0.10728717  0.00000000    0.02156385  0.00000000   -0.04714387  0.00000000
  0.02156385  0.00000000    0.09414922  0.00000000    0.00321934  0.00000000
 -0.04714387  0.00000000    0.00321934  0.00000000    0.09436168  0.00000000

     Diagonalizing the dynamical matrix

     q = (   -0.083333333  -0.166666667   0.583333333 ) 

 **************************************************************************
     freq (    1) =       4.553953 [THz] =     151.903537 [cm-1]
 (  0.345340 -0.000000  0.674623 -0.000000  0.652399  0.000000 ) 
     freq (    2) =       6.521561 [THz] =     217.535860 [cm-1]
 (  0.905042  0.000000 -0.423308  0.000000 -0.041345  0.000000 ) 
     freq (    3) =       8.179842 [THz] =     272.850166 [cm-1]
 ( -0.248274  0.000000 -0.604727  0.000000  0.756747  0.000000 ) 
 **************************************************************************
