Dynamical matrix file
                                                                           
  1    1  3  6.1240000  0.0000000  0.0000000  0.0000000  0.0000000  0.0000000
           1  'Al  '    24592.588541212976     
    1    1      0.0000000000      0.0000000000      0.0000000000

     Dynamical  Matrix in cartesian axes

     q = (   -0.083333333  -0.250000000   0.333333333 ) 

    1    1
  0.04703091  0.00000000    0.00964330  0.00000000   -0.01686212  0.00000000
  0.00964330  0.00000000    0.04968423  0.00000000   -0.06424623  0.00000000
 -0.01686212  0.00000000   -0.06424623  0.00000000    0.05248628  0.00000000

     Dynamical  Matrix in cartesian axes

     q = (   -0.250000000  -0.083333333   0.333333333 ) 

    1    1
  0.04968423  0.00000000    0.00964330  0.00000000   -0.06424623  0.00000000
  0.00964330  0.00000000    0.04703091  0.00000000   -0.01686212  0.00000000
 -0.06424623  0.00000000   -0.01686212  0.00000000    0.05248628  0.00000000

     Dynamical  Matrix in cartesian axes

     q = (    0.083333333  -0.333333333   0.250000000 ) 

    1    1
  0.04703091  0.00000000   -0.01686212  0.00000000    0.00964330  0.00000000
 -0.01686212  0.00000000    0.05248628  0.00000000   -0.06424623  0.00000000
  0.00964330  0.00000000   -0.06424623  0.00000000    0.04968423  0.00000000

     Dynamical  Matrix in cartesian axes

     q = (   -0.083333333  -0.333333333   0.250000000 ) 

    1    1
  0.04703091  0.00000000    0.01686212  0.00000000   -0.00964330  0.00000000
  0.01686212  0.00000000    0.05248628  0.00000000   -0.06424623  0.00000000
 -0.00964330  0.00000000   -0.06424623  0.00000000    0.04968423  0.00000000

     Dynamical  Matrix in cartesian axes

     q = (   -0.083333333   0.250000000  -0.333333333 ) 

    1    1
  0.04703091  0.00000000   -0.00964330  0.00000000    0.01686212  0.00000000
 -0.00964330  0.00000000    0.04968423  0.00000000   -0.06424623  0.00000000
  0.01686212  0.00000000   -0.06424623  0.00000000    0.05248628  0.00000000

     Dynamical  Matrix in cartesian axes

     q = (   -0.083333333   0.333333333  -0.250000000 ) 

    1    1
  0.04703091  0.00000000   -0.01686212  0.00000000    0.00964330  0.00000000
 -0.01686212  0.00000000    0.05248628  0.00000000   -0.06424623  0.00000000
  0.00964330  0.00000000   -0.06424623  0.00000000    0.04968423  0.00000000

     Dynamical  Matrix in cartesian axes

     q = (    0.083333333   0.333333333  -0.250000000 ) 

    1    1
  0.04703091  0.00000000    0.01686212  0.00000000   -0.00964330  0.00000000
  0.01686212  0.00000000    0.05248628  0.00000000   -0.06424623  0.00000000
 -0.00964330  0.00000000   -0.06424623  0.00000000    0.04968423  0.00000000

     Dynamical  Matrix in cartesian axes

     q = (    0.083333333   0.250000000  -0.333333333 ) 

    1    1
  0.04703091  0.00000000    0.00964330  0.00000000   -0.01686212  0.00000000
  0.00964330  0.00000000    0.04968423  0.00000000   -0.06424623  0.00000000
 -0.01686212  0.00000000   -0.06424623  0.00000000    0.05248628  0.00000000

     Dynamical  Matrix in cartesian axes

     q = (    0.250000000  -0.333333333  -0.083333333 ) 

    1    1
  0.04968423  0.00000000   -0.06424623  0.00000000   -0.00964330  0.00000000
 -0.06424623  0.00000000    0.05248628  0.00000000    0.01686212  0.00000000
 -0.00964330  0.00000000    0.01686212  0.00000000    0.04703091  0.00000000

     Dynamical  Matrix in cartesian axes

     q = (    0.250000000   0.333333333   0.083333333 ) 

    1    1
  0.04968423  0.00000000    0.06424623  0.00000000    0.00964330  0.00000000
  0.06424623  0.00000000    0.05248628  0.00000000    0.01686212  0.00000000
  0.00964330  0.00000000    0.01686212  0.00000000    0.04703091  0.00000000

     Dynamical  Matrix in cartesian axes

     q = (    0.333333333   0.083333333   0.250000000 ) 

    1    1
  0.05248628  0.00000000    0.01686212  0.00000000    0.06424623  0.00000000
  0.01686212  0.00000000    0.04703091  0.00000000    0.00964330  0.00000000
  0.06424623  0.00000000    0.00964330  0.00000000    0.04968423  0.00000000

     Dynamical  Matrix in cartesian axes

     q = (   -0.083333333   0.250000000   0.333333333 ) 

    1    1
  0.04703091  0.00000000   -0.00964330  0.00000000   -0.01686212  0.00000000
 -0.00964330  0.00000000    0.04968423  0.00000000    0.06424623  0.00000000
 -0.01686212  0.00000000    0.06424623  0.00000000    0.05248628  0.00000000

     Dynamical  Matrix in cartesian axes

     q = (   -0.333333333  -0.083333333   0.250000000 ) 

    1    1
  0.05248628  0.00000000    0.01686212  0.00000000   -0.06424623  0.00000000
  0.01686212  0.00000000    0.04703091  0.00000000   -0.00964330  0.00000000
 -0.06424623  0.00000000   -0.00964330  0.00000000    0.04968423  0.00000000

     Dynamical  Matrix in cartesian axes

     q = (    0.083333333  -0.250000000  -0.333333333 ) 

    1    1
  0.04703091  0.00000000   -0.00964330  0.00000000   -0.01686212  0.00000000
 -0.00964330  0.00000000    0.04968423  0.00000000    0.06424623  0.00000000
 -0.01686212  0.00000000    0.06424623  0.00000000    0.05248628  0.00000000

     Dynamical  Matrix in cartesian axes

     q = (   -0.250000000   0.333333333  -0.083333333 ) 

    1    1
  0.04968423  0.00000000   -0.06424623  0.00000000    0.00964330  0.00000000
 -0.06424623  0.00000000    0.05248628  0.00000000   -0.01686212  0.00000000
  0.00964330  0.00000000   -0.01686212  0.00000000    0.04703091  0.00000000

     Dynamical  Matrix in cartesian axes

     q = (    0.250000000  -0.083333333  -0.333333333 ) 

    1    1
  0.04968423  0.00000000   -0.00964330  0.00000000   -0.06424623  0.00000000
 -0.00964330  0.00000000    0.04703091  0.00000000    0.01686212  0.00000000
 -0.06424623  0.00000000    0.01686212  0.00000000    0.05248628  0.00000000

     Dynamical  Matrix in cartesian axes

     q = (   -0.250000000   0.083333333  -0.333333333 ) 

    1    1
  0.04968423  0.00000000   -0.00964330  0.00000000    0.06424623  0.00000000
 -0.00964330  0.00000000    0.04703091  0.00000000   -0.01686212  0.00000000
  0.06424623  0.00000000   -0.01686212  0.00000000    0.05248628  0.00000000

     Dynamical  Matrix in cartesian axes

     q = (   -0.333333333   0.083333333  -0.250000000 ) 

    1    1
  0.05248628  0.00000000   -0.01686212  0.00000000    0.06424623  0.00000000
 -0.01686212  0.00000000    0.04703091  0.00000000   -0.00964330  0.00000000
  0.06424623  0.00000000   -0.00964330  0.00000000    0.04968423  0.00000000

     Dynamical  Matrix in cartesian axes

     q = (   -0.333333333   0.250000000  -0.083333333 ) 

    1    1
  0.05248628  0.00000000   -0.06424623  0.00000000    0.01686212  0.00000000
 -0.06424623  0.00000000    0.04968423  0.00000000   -0.00964330  0.00000000
  0.01686212  0.00000000   -0.00964330  0.00000000    0.04703091  0.00000000

     Dynamical  Matrix in cartesian axes

     q = (    0.333333333   0.250000000   0.083333333 ) 

    1    1
  0.05248628  0.00000000    0.06424623  0.00000000    0.01686212  0.00000000
  0.06424623  0.00000000    0.04968423  0.00000000    0.00964330  0.00000000
  0.01686212  0.00000000    0.00964330  0.00000000    0.04703091  0.00000000

     Dynamical  Matrix in cartesian axes

     q = (    0.083333333  -0.250000000   0.333333333 ) 

    1    1
  0.04703091  0.00000000   -0.00964330  0.00000000    0.01686212  0.00000000
 -0.00964330  0.00000000    0.04968423  0.00000000   -0.06424623  0.00000000
  0.01686212  0.00000000   -0.06424623  0.00000000    0.05248628  0.00000000

     Dynamical  Matrix in cartesian axes

     q = (   -0.333333333  -0.250000000   0.083333333 ) 

    1    1
  0.05248628  0.00000000    0.06424623  0.00000000   -0.01686212  0.00000000
  0.06424623  0.00000000    0.04968423  0.00000000   -0.00964330  0.00000000
 -0.01686212  0.00000000   -0.00964330  0.00000000    0.04703091  0.00000000

     Dynamical  Matrix in cartesian axes

     q = (    0.083333333  -0.333333333  -0.250000000 ) 

    1    1
  0.04703091  0.00000000   -0.01686212  0.00000000   -0.00964330  0.00000000
 -0.01686212  0.00000000    0.05248628  0.00000000    0.06424623  0.00000000
 -0.00964330  0.00000000    0.06424623  0.00000000    0.04968423  0.00000000

     Dynamical  Matrix in cartesian axes

     q = (    0.083333333   0.333333333   0.250000000 ) 

    1    1
  0.04703091  0.00000000    0.01686212  0.00000000    0.00964330  0.00000000
  0.01686212  0.00000000    0.05248628  0.00000000    0.06424623  0.00000000
  0.00964330  0.00000000    0.06424623  0.00000000    0.04968423  0.00000000

     Dynamical  Matrix in cartesian axes

     q = (    0.250000000   0.083333333  -0.333333333 ) 

    1    1
  0.04968423  0.00000000    0.00964330  0.00000000   -0.06424623  0.00000000
  0.00964330  0.00000000    0.04703091  0.00000000   -0.01686212  0.00000000
 -0.06424623  0.00000000   -0.01686212  0.00000000    0.05248628  0.00000000

     Dynamical  Matrix in cartesian axes

     q = (   -0.083333333  -0.250000000  -0.333333333 ) 

    1    1
  0.04703091  0.00000000    0.00964330  0.00000000    0.01686212  0.00000000
  0.00964330  0.00000000    0.04968423  0.00000000    0.06424623  0.00000000
  0.01686212  0.00000000    0.06424623  0.00000000    0.05248628  0.00000000

     Dynamical  Matrix in cartesian axes

     q = (    0.333333333  -0.083333333  -0.250000000 ) 

    1    1
  0.05248628  0.00000000   -0.01686212  0.00000000   -0.06424623  0.00000000
 -0.01686212  0.00000000    0.04703091  0.00000000    0.00964330  0.00000000
 -0.06424623  0.00000000    0.00964330  0.00000000    0.04968423  0.00000000

     Dynamical  Matrix in cartesian axes

     q = (    0.250000000  -0.083333333   0.333333333 ) 

    1    1
  0.04968423  0.00000000   -0.00964330  0.00000000    0.06424623  0.00000000
 -0.00964330  0.00000000    0.04703091  0.00000000   -0.01686212  0.00000000
  0.06424623  0.00000000   -0.01686212  0.00000000    0.05248628  0.00000000

     Dynamical  Matrix in cartesian axes

     q = (   -0.083333333   0.333333333   0.250000000 ) 

    1    1
  0.04703091  0.00000000   -0.01686212  0.00000000   -0.00964330  0.00000000
 -0.01686212  0.00000000    0.05248628  0.00000000    0.06424623  0.00000000
 -0.00964330  0.00000000    0.06424623  0.00000000    0.04968423  0.00000000

     Dynamical  Matrix in cartesian axes

     q = (   -0.250000000   0.083333333   0.333333333 ) 

    1    1
  0.04968423  0.00000000   -0.00964330  0.00000000   -0.06424623  0.00000000
 -0.00964330  0.00000000    0.04703091  0.00000000    0.01686212  0.00000000
 -0.06424623  0.00000000    0.01686212  0.00000000    0.05248628  0.00000000

     Dynamical  Matrix in cartesian axes

     q = (   -0.083333333  -0.333333333  -0.250000000 ) 

    1    1
  0.04703091  0.00000000    0.01686212  0.00000000    0.00964330  0.00000000
  0.01686212  0.00000000    0.05248628  0.00000000    0.06424623  0.00000000
  0.00964330  0.00000000    0.06424623  0.00000000    0.04968423  0.00000000

     Dynamical  Matrix in cartesian axes

     q = (    0.333333333  -0.250000000  -0.083333333 ) 

    1    1
  0.05248628  0.00000000   -0.06424623  0.00000000   -0.01686212  0.00000000
 -0.06424623  0.00000000    0.04968423  0.00000000    0.00964330  0.00000000
 -0.01686212  0.00000000    0.00964330  0.00000000    0.04703091  0.00000000

     Dynamical  Matrix in cartesian axes

     q = (    0.083333333   0.250000000   0.333333333 ) 

    1    1
  0.04703091  0.00000000    0.00964330  0.00000000    0.01686212  0.00000000
  0.00964330  0.00000000    0.04968423  0.00000000    0.06424623  0.00000000
  0.01686212  0.00000000    0.06424623  0.00000000    0.05248628  0.00000000

     Dynamical  Matrix in cartesian axes

     q = (    0.250000000   0.083333333   0.333333333 ) 

    1    1
  0.04968423  0.00000000    0.00964330  0.00000000    0.06424623  0.00000000
  0.00964330  0.00000000    0.04703091  0.00000000    0.01686212  0.00000000
  0.06424623  0.00000000    0.01686212  0.00000000    0.05248628  0.00000000

     Dynamical  Matrix in cartesian axes

     q = (   -0.250000000  -0.333333333   0.083333333 ) 

    1    1
  0.04968423  0.00000000    0.06424623  0.00000000   -0.00964330  0.00000000
  0.06424623  0.00000000    0.05248628  0.00000000   -0.01686212  0.00000000
 -0.00964330  0.00000000   -0.01686212  0.00000000    0.04703091  0.00000000

     Dynamical  Matrix in cartesian axes

     q = (    0.333333333   0.250000000  -0.083333333 ) 

    1    1
  0.05248628  0.00000000    0.06424623  0.00000000   -0.01686212  0.00000000
  0.06424623  0.00000000    0.04968423  0.00000000   -0.00964330  0.00000000
 -0.01686212  0.00000000   -0.00964330  0.00000000    0.04703091  0.00000000

     Dynamical  Matrix in cartesian axes

     q = (   -0.333333333   0.250000000   0.083333333 ) 

    1    1
  0.05248628  0.00000000   -0.06424623  0.00000000   -0.01686212  0.00000000
 -0.06424623  0.00000000    0.04968423  0.00000000    0.00964330  0.00000000
 -0.01686212  0.00000000    0.00964330  0.00000000    0.04703091  0.00000000

     Dynamical  Matrix in cartesian axes

     q = (    0.333333333  -0.250000000   0.083333333 ) 

    1    1
  0.05248628  0.00000000   -0.06424623  0.00000000    0.01686212  0.00000000
 -0.06424623  0.00000000    0.04968423  0.00000000   -0.00964330  0.00000000
  0.01686212  0.00000000   -0.00964330  0.00000000    0.04703091  0.00000000

     Dynamical  Matrix in cartesian axes

     q = (   -0.333333333  -0.250000000  -0.083333333 ) 

    1    1
  0.05248628  0.00000000    0.06424623  0.00000000    0.01686212  0.00000000
  0.06424623  0.00000000    0.04968423  0.00000000    0.00964330  0.00000000
  0.01686212  0.00000000    0.00964330  0.00000000    0.04703091  0.00000000

     Dynamical  Matrix in cartesian axes

     q = (   -0.250000000  -0.083333333  -0.333333333 ) 

    1    1
  0.04968423  0.00000000    0.00964330  0.00000000    0.06424623  0.00000000
  0.00964330  0.00000000    0.04703091  0.00000000    0.01686212  0.00000000
  0.06424623  0.00000000    0.01686212  0.00000000    0.05248628  0.00000000

     Dynamical  Matrix in cartesian axes

     q = (    0.250000000  -0.333333333   0.083333333 ) 

    1    1
  0.04968423  0.00000000   -0.06424623  0.00000000    0.00964330  0.00000000
 -0.06424623  0.00000000    0.05248628  0.00000000   -0.01686212  0.00000000
  0.00964330  0.00000000   -0.01686212  0.00000000    0.04703091  0.00000000

     Dynamical  Matrix in cartesian axes

     q = (   -0.250000000  -0.333333333  -0.083333333 ) 

    1    1
  0.04968423  0.00000000    0.06424623  0.00000000    0.00964330  0.00000000
  0.06424623  0.00000000    0.05248628  0.00000000    0.01686212  0.00000000
  0.00964330  0.00000000    0.01686212  0.00000000    0.04703091  0.00000000

     Dynamical  Matrix in cartesian axes

     q = (    0.250000000   0.333333333  -0.083333333 ) 

    1    1
  0.04968423  0.00000000    0.06424623  0.00000000   -0.00964330  0.00000000
  0.06424623  0.00000000    0.05248628  0.00000000   -0.01686212  0.00000000
 -0.00964330  0.00000000   -0.01686212  0.00000000    0.04703091  0.00000000

     Dynamical  Matrix in cartesian axes

     q = (   -0.250000000   0.333333333   0.083333333 ) 

    1    1
  0.04968423  0.00000000   -0.06424623  0.00000000   -0.00964330  0.00000000
 -0.06424623  0.00000000    0.05248628  0.00000000    0.01686212  0.00000000
 -0.00964330  0.00000000    0.01686212  0.00000000    0.04703091  0.00000000

     Dynamical  Matrix in cartesian axes

     q = (   -0.333333333   0.083333333   0.250000000 ) 

    1    1
  0.05248628  0.00000000   -0.01686212  0.00000000   -0.06424623  0.00000000
 -0.01686212  0.00000000    0.04703091  0.00000000    0.00964330  0.00000000
 -0.06424623  0.00000000    0.00964330  0.00000000    0.04968423  0.00000000

     Dynamical  Matrix in cartesian axes

     q = (   -0.333333333  -0.083333333  -0.250000000 ) 

    1    1
  0.05248628  0.00000000    0.01686212  0.00000000    0.06424623  0.00000000
  0.01686212  0.00000000    0.04703091  0.00000000    0.00964330  0.00000000
  0.06424623  0.00000000    0.00964330  0.00000000    0.04968423  0.00000000

     Dynamical  Matrix in cartesian axes

     q = (    0.333333333  -0.083333333   0.250000000 ) 

    1    1
  0.05248628  0.00000000   -0.01686212  0.00000000    0.06424623  0.00000000
 -0.01686212  0.00000000    0.04703091  0.00000000   -0.00964330  0.00000000
  0.06424623  0.00000000   -0.00964330  0.00000000    0.04968423  0.00000000

     Dynamical  Matrix in cartesian axes

     q = (    0.333333333   0.083333333  -0.250000000 ) 

    1    1
  0.05248628  0.00000000    0.01686212  0.00000000   -0.06424623  0.00000000
  0.01686212  0.00000000    0.04703091  0.00000000   -0.00964330  0.00000000
 -0.06424623  0.00000000   -0.00964330  0.00000000    0.04968423  0.00000000

     Diagonalizing the dynamical matrix

     q = (   -0.083333333  -0.250000000   0.333333333 ) 

 **************************************************************************
     freq (    1) =      -2.445678 [THz] =     -81.579028 [cm-1]
 (  0.084345  0.000000  0.703573  0.000000  0.705600  0.000000 ) 
     freq (    2) =       4.330114 [THz] =     144.437066 [cm-1]
 (  0.964716  0.000000 -0.234909  0.000000  0.118916  0.000000 ) 
     freq (    3) =       7.272837 [THz] =     242.595726 [cm-1]
 ( -0.249418  0.000000 -0.670673  0.000000  0.698561  0.000000 ) 
 **************************************************************************
