Dynamical matrix file
                                                                           
  1    1  3  6.1240000  0.0000000  0.0000000  0.0000000  0.0000000  0.0000000
           1  'Al  '    24592.588541212976     
    1    1      0.0000000000      0.0000000000      0.0000000000

     Dynamical  Matrix in cartesian axes

     q = (    0.583333333  -0.666666667   0.250000000 ) 

    1    1
  0.07288080  0.00000000   -0.06445677  0.00000000   -0.03783464  0.00000000
 -0.06445677  0.00000000    0.07101125  0.00000000    0.01986694  0.00000000
 -0.03783464  0.00000000    0.01986694  0.00000000    0.07019881  0.00000000

     Dynamical  Matrix in cartesian axes

     q = (    0.666666667  -0.583333333   0.250000000 ) 

    1    1
  0.07101125  0.00000000   -0.06445677  0.00000000   -0.01986694  0.00000000
 -0.06445677  0.00000000    0.07288080  0.00000000    0.03783464  0.00000000
 -0.01986694  0.00000000    0.03783464  0.00000000    0.07019881  0.00000000

     Dynamical  Matrix in cartesian axes

     q = (    0.583333333   0.250000000  -0.666666667 ) 

    1    1
  0.07288080  0.00000000   -0.03783464  0.00000000   -0.06445677  0.00000000
 -0.03783464  0.00000000    0.07019881  0.00000000    0.01986694  0.00000000
 -0.06445677  0.00000000    0.01986694  0.00000000    0.07101125  0.00000000

     Dynamical  Matrix in cartesian axes

     q = (    0.666666667   0.250000000  -0.583333333 ) 

    1    1
  0.07101125  0.00000000   -0.01986694  0.00000000   -0.06445677  0.00000000
 -0.01986694  0.00000000    0.07019881  0.00000000    0.03783464  0.00000000
 -0.06445677  0.00000000    0.03783464  0.00000000    0.07288080  0.00000000

     Dynamical  Matrix in cartesian axes

     q = (   -0.250000000  -0.583333333  -0.666666667 ) 

    1    1
  0.07019881  0.00000000   -0.03783464  0.00000000   -0.01986694  0.00000000
 -0.03783464  0.00000000    0.07288080  0.00000000    0.06445677  0.00000000
 -0.01986694  0.00000000    0.06445677  0.00000000    0.07101125  0.00000000

     Dynamical  Matrix in cartesian axes

     q = (   -0.250000000  -0.666666667  -0.583333333 ) 

    1    1
  0.07019881  0.00000000   -0.01986694  0.00000000   -0.03783464  0.00000000
 -0.01986694  0.00000000    0.07101125  0.00000000    0.06445677  0.00000000
 -0.03783464  0.00000000    0.06445677  0.00000000    0.07288080  0.00000000

     Dynamical  Matrix in cartesian axes

     q = (   -0.583333333   0.666666667   0.250000000 ) 

    1    1
  0.07288080  0.00000000   -0.06445677  0.00000000    0.03783464  0.00000000
 -0.06445677  0.00000000    0.07101125  0.00000000   -0.01986694  0.00000000
  0.03783464  0.00000000   -0.01986694  0.00000000    0.07019881  0.00000000

     Dynamical  Matrix in cartesian axes

     q = (   -0.666666667   0.583333333   0.250000000 ) 

    1    1
  0.07101125  0.00000000   -0.06445677  0.00000000    0.01986694  0.00000000
 -0.06445677  0.00000000    0.07288080  0.00000000   -0.03783464  0.00000000
  0.01986694  0.00000000   -0.03783464  0.00000000    0.07019881  0.00000000

     Dynamical  Matrix in cartesian axes

     q = (    0.666666667  -0.250000000   0.583333333 ) 

    1    1
  0.07101125  0.00000000    0.01986694  0.00000000    0.06445677  0.00000000
  0.01986694  0.00000000    0.07019881  0.00000000    0.03783464  0.00000000
  0.06445677  0.00000000    0.03783464  0.00000000    0.07288080  0.00000000

     Dynamical  Matrix in cartesian axes

     q = (   -0.583333333   0.250000000  -0.666666667 ) 

    1    1
  0.07288080  0.00000000    0.03783464  0.00000000    0.06445677  0.00000000
  0.03783464  0.00000000    0.07019881  0.00000000    0.01986694  0.00000000
  0.06445677  0.00000000    0.01986694  0.00000000    0.07101125  0.00000000

     Dynamical  Matrix in cartesian axes

     q = (    0.250000000  -0.583333333   0.666666667 ) 

    1    1
  0.07019881  0.00000000    0.03783464  0.00000000   -0.01986694  0.00000000
  0.03783464  0.00000000    0.07288080  0.00000000   -0.06445677  0.00000000
 -0.01986694  0.00000000   -0.06445677  0.00000000    0.07101125  0.00000000

     Dynamical  Matrix in cartesian axes

     q = (    0.583333333   0.666666667   0.250000000 ) 

    1    1
  0.07288080  0.00000000    0.06445677  0.00000000   -0.03783464  0.00000000
  0.06445677  0.00000000    0.07101125  0.00000000   -0.01986694  0.00000000
 -0.03783464  0.00000000   -0.01986694  0.00000000    0.07019881  0.00000000

     Dynamical  Matrix in cartesian axes

     q = (   -0.250000000   0.583333333   0.666666667 ) 

    1    1
  0.07019881  0.00000000    0.03783464  0.00000000    0.01986694  0.00000000
  0.03783464  0.00000000    0.07288080  0.00000000    0.06445677  0.00000000
  0.01986694  0.00000000    0.06445677  0.00000000    0.07101125  0.00000000

     Dynamical  Matrix in cartesian axes

     q = (   -0.583333333  -0.666666667  -0.250000000 ) 

    1    1
  0.07288080  0.00000000    0.06445677  0.00000000   -0.03783464  0.00000000
  0.06445677  0.00000000    0.07101125  0.00000000   -0.01986694  0.00000000
 -0.03783464  0.00000000   -0.01986694  0.00000000    0.07019881  0.00000000

     Dynamical  Matrix in cartesian axes

     q = (    0.583333333  -0.250000000   0.666666667 ) 

    1    1
  0.07288080  0.00000000    0.03783464  0.00000000    0.06445677  0.00000000
  0.03783464  0.00000000    0.07019881  0.00000000    0.01986694  0.00000000
  0.06445677  0.00000000    0.01986694  0.00000000    0.07101125  0.00000000

     Dynamical  Matrix in cartesian axes

     q = (    0.666666667   0.583333333  -0.250000000 ) 

    1    1
  0.07101125  0.00000000    0.06445677  0.00000000    0.01986694  0.00000000
  0.06445677  0.00000000    0.07288080  0.00000000    0.03783464  0.00000000
  0.01986694  0.00000000    0.03783464  0.00000000    0.07019881  0.00000000

     Dynamical  Matrix in cartesian axes

     q = (   -0.666666667  -0.583333333  -0.250000000 ) 

    1    1
  0.07101125  0.00000000    0.06445677  0.00000000   -0.01986694  0.00000000
  0.06445677  0.00000000    0.07288080  0.00000000   -0.03783464  0.00000000
 -0.01986694  0.00000000   -0.03783464  0.00000000    0.07019881  0.00000000

     Dynamical  Matrix in cartesian axes

     q = (    0.666666667   0.583333333   0.250000000 ) 

    1    1
  0.07101125  0.00000000    0.06445677  0.00000000   -0.01986694  0.00000000
  0.06445677  0.00000000    0.07288080  0.00000000   -0.03783464  0.00000000
 -0.01986694  0.00000000   -0.03783464  0.00000000    0.07019881  0.00000000

     Dynamical  Matrix in cartesian axes

     q = (   -0.250000000   0.666666667   0.583333333 ) 

    1    1
  0.07019881  0.00000000    0.01986694  0.00000000    0.03783464  0.00000000
  0.01986694  0.00000000    0.07101125  0.00000000    0.06445677  0.00000000
  0.03783464  0.00000000    0.06445677  0.00000000    0.07288080  0.00000000

     Dynamical  Matrix in cartesian axes

     q = (    0.250000000   0.666666667  -0.583333333 ) 

    1    1
  0.07019881  0.00000000   -0.01986694  0.00000000    0.03783464  0.00000000
 -0.01986694  0.00000000    0.07101125  0.00000000   -0.06445677  0.00000000
  0.03783464  0.00000000   -0.06445677  0.00000000    0.07288080  0.00000000

     Dynamical  Matrix in cartesian axes

     q = (   -0.666666667   0.250000000   0.583333333 ) 

    1    1
  0.07101125  0.00000000    0.01986694  0.00000000   -0.06445677  0.00000000
  0.01986694  0.00000000    0.07019881  0.00000000   -0.03783464  0.00000000
 -0.06445677  0.00000000   -0.03783464  0.00000000    0.07288080  0.00000000

     Dynamical  Matrix in cartesian axes

     q = (   -0.666666667  -0.583333333   0.250000000 ) 

    1    1
  0.07101125  0.00000000    0.06445677  0.00000000    0.01986694  0.00000000
  0.06445677  0.00000000    0.07288080  0.00000000    0.03783464  0.00000000
  0.01986694  0.00000000    0.03783464  0.00000000    0.07019881  0.00000000

     Dynamical  Matrix in cartesian axes

     q = (   -0.583333333  -0.250000000  -0.666666667 ) 

    1    1
  0.07288080  0.00000000   -0.03783464  0.00000000    0.06445677  0.00000000
 -0.03783464  0.00000000    0.07019881  0.00000000   -0.01986694  0.00000000
  0.06445677  0.00000000   -0.01986694  0.00000000    0.07101125  0.00000000

     Dynamical  Matrix in cartesian axes

     q = (   -0.583333333   0.250000000   0.666666667 ) 

    1    1
  0.07288080  0.00000000    0.03783464  0.00000000   -0.06445677  0.00000000
  0.03783464  0.00000000    0.07019881  0.00000000   -0.01986694  0.00000000
 -0.06445677  0.00000000   -0.01986694  0.00000000    0.07101125  0.00000000

     Dynamical  Matrix in cartesian axes

     q = (    0.666666667  -0.583333333  -0.250000000 ) 

    1    1
  0.07101125  0.00000000   -0.06445677  0.00000000    0.01986694  0.00000000
 -0.06445677  0.00000000    0.07288080  0.00000000   -0.03783464  0.00000000
  0.01986694  0.00000000   -0.03783464  0.00000000    0.07019881  0.00000000

     Dynamical  Matrix in cartesian axes

     q = (    0.583333333  -0.666666667  -0.250000000 ) 

    1    1
  0.07288080  0.00000000   -0.06445677  0.00000000    0.03783464  0.00000000
 -0.06445677  0.00000000    0.07101125  0.00000000   -0.01986694  0.00000000
  0.03783464  0.00000000   -0.01986694  0.00000000    0.07019881  0.00000000

     Dynamical  Matrix in cartesian axes

     q = (    0.583333333   0.666666667  -0.250000000 ) 

    1    1
  0.07288080  0.00000000    0.06445677  0.00000000    0.03783464  0.00000000
  0.06445677  0.00000000    0.07101125  0.00000000    0.01986694  0.00000000
  0.03783464  0.00000000    0.01986694  0.00000000    0.07019881  0.00000000

     Dynamical  Matrix in cartesian axes

     q = (    0.250000000   0.583333333  -0.666666667 ) 

    1    1
  0.07019881  0.00000000   -0.03783464  0.00000000    0.01986694  0.00000000
 -0.03783464  0.00000000    0.07288080  0.00000000   -0.06445677  0.00000000
  0.01986694  0.00000000   -0.06445677  0.00000000    0.07101125  0.00000000

     Dynamical  Matrix in cartesian axes

     q = (    0.583333333   0.250000000   0.666666667 ) 

    1    1
  0.07288080  0.00000000   -0.03783464  0.00000000    0.06445677  0.00000000
 -0.03783464  0.00000000    0.07019881  0.00000000   -0.01986694  0.00000000
  0.06445677  0.00000000   -0.01986694  0.00000000    0.07101125  0.00000000

     Dynamical  Matrix in cartesian axes

     q = (    0.250000000  -0.666666667   0.583333333 ) 

    1    1
  0.07019881  0.00000000    0.01986694  0.00000000   -0.03783464  0.00000000
  0.01986694  0.00000000    0.07101125  0.00000000   -0.06445677  0.00000000
 -0.03783464  0.00000000   -0.06445677  0.00000000    0.07288080  0.00000000

     Dynamical  Matrix in cartesian axes

     q = (    0.583333333  -0.250000000  -0.666666667 ) 

    1    1
  0.07288080  0.00000000    0.03783464  0.00000000   -0.06445677  0.00000000
  0.03783464  0.00000000    0.07019881  0.00000000   -0.01986694  0.00000000
 -0.06445677  0.00000000   -0.01986694  0.00000000    0.07101125  0.00000000

     Dynamical  Matrix in cartesian axes

     q = (   -0.583333333  -0.250000000   0.666666667 ) 

    1    1
  0.07288080  0.00000000   -0.03783464  0.00000000   -0.06445677  0.00000000
 -0.03783464  0.00000000    0.07019881  0.00000000    0.01986694  0.00000000
 -0.06445677  0.00000000    0.01986694  0.00000000    0.07101125  0.00000000

     Dynamical  Matrix in cartesian axes

     q = (   -0.583333333  -0.666666667   0.250000000 ) 

    1    1
  0.07288080  0.00000000    0.06445677  0.00000000    0.03783464  0.00000000
  0.06445677  0.00000000    0.07101125  0.00000000    0.01986694  0.00000000
  0.03783464  0.00000000    0.01986694  0.00000000    0.07019881  0.00000000

     Dynamical  Matrix in cartesian axes

     q = (   -0.583333333   0.666666667  -0.250000000 ) 

    1    1
  0.07288080  0.00000000   -0.06445677  0.00000000   -0.03783464  0.00000000
 -0.06445677  0.00000000    0.07101125  0.00000000    0.01986694  0.00000000
 -0.03783464  0.00000000    0.01986694  0.00000000    0.07019881  0.00000000

     Dynamical  Matrix in cartesian axes

     q = (   -0.666666667  -0.250000000  -0.583333333 ) 

    1    1
  0.07101125  0.00000000   -0.01986694  0.00000000    0.06445677  0.00000000
 -0.01986694  0.00000000    0.07019881  0.00000000   -0.03783464  0.00000000
  0.06445677  0.00000000   -0.03783464  0.00000000    0.07288080  0.00000000

     Dynamical  Matrix in cartesian axes

     q = (    0.250000000   0.666666667   0.583333333 ) 

    1    1
  0.07019881  0.00000000   -0.01986694  0.00000000   -0.03783464  0.00000000
 -0.01986694  0.00000000    0.07101125  0.00000000    0.06445677  0.00000000
 -0.03783464  0.00000000    0.06445677  0.00000000    0.07288080  0.00000000

     Dynamical  Matrix in cartesian axes

     q = (   -0.250000000   0.666666667  -0.583333333 ) 

    1    1
  0.07019881  0.00000000    0.01986694  0.00000000   -0.03783464  0.00000000
  0.01986694  0.00000000    0.07101125  0.00000000   -0.06445677  0.00000000
 -0.03783464  0.00000000   -0.06445677  0.00000000    0.07288080  0.00000000

     Dynamical  Matrix in cartesian axes

     q = (    0.250000000  -0.666666667  -0.583333333 ) 

    1    1
  0.07019881  0.00000000    0.01986694  0.00000000    0.03783464  0.00000000
  0.01986694  0.00000000    0.07101125  0.00000000    0.06445677  0.00000000
  0.03783464  0.00000000    0.06445677  0.00000000    0.07288080  0.00000000

     Dynamical  Matrix in cartesian axes

     q = (   -0.250000000  -0.666666667   0.583333333 ) 

    1    1
  0.07019881  0.00000000   -0.01986694  0.00000000    0.03783464  0.00000000
 -0.01986694  0.00000000    0.07101125  0.00000000   -0.06445677  0.00000000
  0.03783464  0.00000000   -0.06445677  0.00000000    0.07288080  0.00000000

     Dynamical  Matrix in cartesian axes

     q = (   -0.666666667   0.583333333  -0.250000000 ) 

    1    1
  0.07101125  0.00000000   -0.06445677  0.00000000   -0.01986694  0.00000000
 -0.06445677  0.00000000    0.07288080  0.00000000    0.03783464  0.00000000
 -0.01986694  0.00000000    0.03783464  0.00000000    0.07019881  0.00000000

     Dynamical  Matrix in cartesian axes

     q = (    0.666666667  -0.250000000  -0.583333333 ) 

    1    1
  0.07101125  0.00000000    0.01986694  0.00000000   -0.06445677  0.00000000
  0.01986694  0.00000000    0.07019881  0.00000000   -0.03783464  0.00000000
 -0.06445677  0.00000000   -0.03783464  0.00000000    0.07288080  0.00000000

     Dynamical  Matrix in cartesian axes

     q = (   -0.666666667  -0.250000000   0.583333333 ) 

    1    1
  0.07101125  0.00000000   -0.01986694  0.00000000   -0.06445677  0.00000000
 -0.01986694  0.00000000    0.07019881  0.00000000    0.03783464  0.00000000
 -0.06445677  0.00000000    0.03783464  0.00000000    0.07288080  0.00000000

     Dynamical  Matrix in cartesian axes

     q = (    0.666666667   0.250000000   0.583333333 ) 

    1    1
  0.07101125  0.00000000   -0.01986694  0.00000000    0.06445677  0.00000000
 -0.01986694  0.00000000    0.07019881  0.00000000   -0.03783464  0.00000000
  0.06445677  0.00000000   -0.03783464  0.00000000    0.07288080  0.00000000

     Dynamical  Matrix in cartesian axes

     q = (   -0.666666667   0.250000000  -0.583333333 ) 

    1    1
  0.07101125  0.00000000    0.01986694  0.00000000    0.06445677  0.00000000
  0.01986694  0.00000000    0.07019881  0.00000000    0.03783464  0.00000000
  0.06445677  0.00000000    0.03783464  0.00000000    0.07288080  0.00000000

     Dynamical  Matrix in cartesian axes

     q = (   -0.250000000  -0.583333333   0.666666667 ) 

    1    1
  0.07019881  0.00000000   -0.03783464  0.00000000    0.01986694  0.00000000
 -0.03783464  0.00000000    0.07288080  0.00000000   -0.06445677  0.00000000
  0.01986694  0.00000000   -0.06445677  0.00000000    0.07101125  0.00000000

     Dynamical  Matrix in cartesian axes

     q = (   -0.250000000   0.583333333  -0.666666667 ) 

    1    1
  0.07019881  0.00000000    0.03783464  0.00000000   -0.01986694  0.00000000
  0.03783464  0.00000000    0.07288080  0.00000000   -0.06445677  0.00000000
 -0.01986694  0.00000000   -0.06445677  0.00000000    0.07101125  0.00000000

     Dynamical  Matrix in cartesian axes

     q = (    0.250000000   0.583333333   0.666666667 ) 

    1    1
  0.07019881  0.00000000   -0.03783464  0.00000000   -0.01986694  0.00000000
 -0.03783464  0.00000000    0.07288080  0.00000000    0.06445677  0.00000000
 -0.01986694  0.00000000    0.06445677  0.00000000    0.07101125  0.00000000

     Dynamical  Matrix in cartesian axes

     q = (    0.250000000  -0.583333333  -0.666666667 ) 

    1    1
  0.07019881  0.00000000    0.03783464  0.00000000    0.01986694  0.00000000
  0.03783464  0.00000000    0.07288080  0.00000000    0.06445677  0.00000000
  0.01986694  0.00000000    0.06445677  0.00000000    0.07101125  0.00000000

     Diagonalizing the dynamical matrix

     q = (    0.583333333  -0.666666667   0.250000000 ) 

 **************************************************************************
     freq (    1) =       1.418790 [THz] =      47.325727 [cm-1]
 (  0.732020  0.000000  0.642128  0.000000  0.227637  0.000000 ) 
     freq (    2) =       4.848059 [THz] =     161.713844 [cm-1]
 ( -0.140536  0.000000  0.469267  0.000000 -0.871802  0.000000 ) 
     freq (    3) =       8.288760 [THz] =     276.483279 [cm-1]
 ( -0.666630  0.000000  0.606186  0.000000  0.433755  0.000000 ) 
 **************************************************************************
